2.520443109687008985e+02 2.008282224036192645e+02 9.552220015675954023e-01
2.514305039453859365e+02 1.092982695533165156e+02 7.875502056961383168e-01
2.513410982102608386e+02 1.112577070058520832e+02 7.118954503181893489e-01
2.511345532962146194e+02 1.030420001868118902e+02 5.358414860479944197e-01
2.512198248029337719e+02 1.209862287146123521e+02 4.053818069583368655e-01
2.511489581175858916e+02 1.352866059934128486e+02 2.840718494783480708e-01
2.509399074875018698e+02 1.093581265203848290e+02 2.630798783286021347e-01
2.510363308519840757e+02 1.292649967307918928e+02 2.599121984104744709e-01
2.512659186068706276e+02 1.669547427884517674e+02 1.245020041667174310e-01
2.515825850704808886e+02 1.735771594033390670e+02 1.616085316179128317e-01
2.513868752462059035e+02 1.884776252147321429e+02 6.093316601485560674e-02
2.514381063771894560e+02 1.976816887795091588e+02 3.511251355401503321e-02
2.513294549559976758e+02 1.971283154034527740e+02 2.654353326266970306e-02
2.513560918952066459e+02 1.972741058411205586e+02 2.193009174088378366e-02
2.513376503125037971e+02 1.919822812980989966e+02 2.935789503608312451e-02
2.515100939338929606e+02 1.930809585886767650e+02 3.212352327229457682e-02
2.515344241523410460e+02 1.935305295304929700e+02 2.971933543699768754e-02
2.513756705937775280e+02 1.890967441936020919e+02 4.031481865032468526e-02
2.513069725508351837e+02 1.868930055190730855e+02 3.603032850465202191e-02
2.513307829448864368e+02 1.826394124359864577e+02 4.474144827950308351e-02
2.513210078095493429e+02 1.765278045135377738e+02 5.398863696357573960e-02
2.513679057168500321e+02 1.715222042178876336e+02 7.314903934014790887e-02
2.514883506540446945e+02 1.731882332874425856e+02 6.816603516124708495e-02
2.514888623561853080e+02 1.736657447905879224e+02 7.329930107985396792e-02
2.514689384617259122e+02 1.738613124753794068e+02 7.584156727055640923e-02
2.512388308824425280e+02 1.729479525822683001e+02 5.476837355880716240e-02
2.512748084162818714e+02 1.732416817943688443e+02 5.460592843480061714e-02
2.513801094067910071e+02 1.765382578572675811e+02 5.402518711647721211e-02
2.513418941913684819e+02 1.765223422962430391e+02 6.664717325178588780e-02
2.514272753485463170e+02 1.773623582158652141e+02 5.350536271965626589e-02
2.514081880464755443e+02 1.824865515742962998e+02 4.892441022267165346e-02
2.514294480520799198e+02 1.828791245832267407e+02 6.215150444490470660e-02
2.514384150229250565e+02 1.856371016540974779e+02 3.036099367682354791e-02
2.514027055235403338e+02 1.901295296807547288e+02 2.437082972908214545e-02
2.514534168301270824e+02 1.903990829972749736e+02 4.186210845648704465e-02
2.514555570446358672e+02 1.907339270702615863e+02 2.706335765949065275e-02
2.514759926412358766e+02 1.908478782636240680e+02 2.885837627976299211e-02
2.513074964363600827e+02 1.900023513931699881e+02 2.234838793520063996e-02
2.512301441294362689e+02 1.897221376153867993e+02 2.029751824461798956e-02
2.511663925405198938e+02 1.895165023940350011e+02 2.196258076568509063e-02
2.511825883193833704e+02 1.894951408602281617e+02 2.257987223690996817e-02
2.511003261085864438e+02 1.888051267681136380e+02 2.309969663373091786e-02
2.510769258884733119e+02 1.883378330632683060e+02 1.761311257040980988e-02
2.512923362451621756e+02 1.889616791952468589e+02 3.059653910663304166e-02
2.514920300361034151e+02 1.898508225814966863e+02 3.530744770282288891e-02
2.513425927054016995e+02 1.894581602277480670e+02 2.699431848178786980e-02
2.513385153327891430e+02 1.862272607284851631e+02 4.282053468812566793e-02
2.512363332886609157e+02 1.812512619955571154e+02 6.894577175647850775e-02
2.510564659251046749e+02 1.794002119908868167e+02 5.287182673603073313e-02
2.511258178096711617e+02 1.795712829509781159e+02 5.789950332403334676e-02
2.511753676336212777e+02 1.796236593200859204e+02 5.382619183956919434e-02
2.513580656034633307e+02 1.813758492834139417e+02 4.796598399103303018e-02
2.514940240500006041e+02 1.822528255298756790e+02 5.452470587279734798e-02
2.515794133294346580e+02 1.832095095375593417e+02 5.958893261370143413e-02
2.515149266763321521e+02 1.831004113922765555e+02 5.376933604616690454e-02
2.514335579137172658e+02 1.870264704329568701e+02 4.432721321328638581e-02
2.515191299439158286e+02 1.875902118690529790e+02 6.349573784605887228e-02
2.514576241588388541e+02 1.874518492346804237e+02 6.008439024192140099e-02
2.515022153453786302e+02 1.883876021881358156e+02 4.193520876228998967e-02
2.515680624763946867e+02 1.899827889391115150e+02 3.856853356725431503e-02
2.512574470936536670e+02 1.918511677773852000e+02 1.617953435105203355e-02
2.513186279884826320e+02 1.919825736993221881e+02 2.188948045988214561e-02
2.511701978175497629e+02 1.916431567960948144e+02 2.168236292677380023e-02
2.510044063239886896e+02 1.912620727185597502e+02 2.164581277387232772e-02
2.511856138598179768e+02 1.916082595223301155e+02 2.414746768357314138e-02
2.514178778981225264e+02 1.923137383902500517e+02 5.028488813622648129e-02
2.516195575807047646e+02 1.930481446736274336e+02 6.366224409816559349e-02
2.516638766716618534e+02 1.948828161486697752e+02 3.400382558267035088e-02
2.516806653752279317e+02 1.959936280900108443e+02 4.762484923061928443e-02
2.516450858319423958e+02 1.969124055280075822e+02 3.040972721402551357e-02
2.516761494007805595e+02 1.972707716549503232e+02 2.738418677940358120e-02
2.516494149944971639e+02 1.984375256358711397e+02 2.707960217189130797e-02
2.516289428477442414e+02 1.983567701035993878e+02 2.785933876712273077e-02
2.516343238424769595e+02 1.983814617624483674e+02 2.870405341195677446e-02
2.513635684320390453e+02 1.955461202012695026e+02 2.748571498190767459e-02
2.513225388548430885e+02 1.931042857084840989e+02 3.773600230672075756e-02
2.511714486450046024e+02 1.923577001019343129e+02 3.496225181430898110e-02
2.511701490840125643e+02 1.916875489873577010e+02 3.074273971823893170e-02
2.511458066821801651e+02 1.916064279535569312e+02 2.772126041171716834e-02
2.511401089194556562e+02 1.915593188675950387e+02 2.705117427519016307e-02
2.512164946778916317e+02 1.917759475627139807e+02 2.900863801946904769e-02
2.513603763853523105e+02 1.922460718738451249e+02 3.161994338787428582e-02
2.514201115185776416e+02 1.924665830074278006e+02 3.418251521907755830e-02
2.514851545462298645e+02 1.930726373371995237e+02 3.055998895373156915e-02
2.515879173316763797e+02 1.938132530854420850e+02 3.398758107026970260e-02
2.516577524904868142e+02 1.943224373266405962e+02 3.423937101247984810e-02
2.517010116270097626e+02 1.957024127162043214e+02 2.957313482539179750e-02
2.517112456698221763e+02 1.971255254084479702e+02 2.711615232479278048e-02
2.516701105032956036e+02 1.969715599199145402e+02 2.663693920897346884e-02
2.516526314079524980e+02 1.970203503129099261e+02 2.481755382010014666e-02
2.514397917453510161e+02 1.960388893626871720e+02 1.775931318201569992e-02
2.512341484017430275e+02 1.937733484407298761e+02 3.491757940520717751e-02
2.512937941901501517e+02 1.939772698660233914e+02 2.930916149888115885e-02
2.513902216157604244e+02 1.943677879441351308e+02 2.764003784971389224e-02
2.513812587060433543e+02 1.943407651977566388e+02 2.746134821330669176e-02
2.513333861279986365e+02 1.941968834902959316e+02 2.528864467971913069e-02
2.514704288957386495e+02 1.953332764775399255e+02 2.800960050682878635e-02
2.516305185654471188e+02 1.975395696016439331e+02 2.052900254632731777e-02
2.516251253873300868e+02 1.976151025231788765e+02 2.483785946060096742e-02
2.515609636244756189e+02 1.975304970414681804e+02 2.296161827832535196e-02
2.514644387317909207e+02 1.972778948736379903e+02 1.970865467009426039e-02
2.514069534635331138e+02 1.945138301717450986e+02 2.673034515527723462e-02
2.512375231991942712e+02 1.935931643091818160e+02 3.086863468934400445e-02
2.512131483083370824e+02 1.927027863399895296e+02 2.826139044903893532e-02
2.513440831394144652e+02 1.932643469502958453e+02 3.359365164455382219e-02
2.515366455894118189e+02 1.947516051608815815e+02 2.810300645313255213e-02
2.516740132473998699e+02 1.965605737561780018e+02 2.908986058147232032e-02
2.516664189378525691e+02 1.974325060815393158e+02 4.485109873820750104e-02
2.516059690460816114e+02 1.976694891506962790e+02 3.284640407412370983e-02
2.515965309843768409e+02 1.978584534411969003e+02 2.919544991207657578e-02
2.513985509894938559e+02 1.958859391561788073e+02 2.102852130264745018e-02
2.514730970569004569e+02 1.960918627176257019e+02 3.507596340111356070e-02
2.514054508461360342e+02 1.959906553442415316e+02 2.671003951477641386e-02
2.513779976201789452e+02 1.959813350552516340e+02 2.610493142785202947e-02
2.514036761331562673e+02 1.961015363247603034e+02 2.566226846493419034e-02
2.513383772544337376e+02 1.959599288490356912e+02 2.087419843484122906e-02
2.515191015160191057e+02 1.966663742654434657e+02 2.921169442447723100e-02
2.516277407538266004e+02 1.978528328399062559e+02 4.473738715140291450e-02
2.516337431011586432e+02 1.989662520254876483e+02 2.275856187331716865e-02
2.515928759690866912e+02 2.000870299751865105e+02 1.761311257040980988e-02
2.513018189792760495e+02 1.998510296990297945e+02 9.742646312292628161e-03
2.511574052640342529e+02 1.992861876972185371e+02 8.938542948460222529e-03
2.511686992612808069e+02 1.992990899011927581e+02 9.563956675885427680e-03
2.510225230164435004e+02 1.990084593298326467e+02 7.159768840588538394e-03
2.511223699119141202e+02 1.991008175050865532e+02 9.381205911378063395e-03
2.510869122024716091e+02 1.989893070497122665e+02 8.252212299532563772e-03
2.511484504765733732e+02 1.990584640001299590e+02 9.304044477474952834e-03
2.513604251188895375e+02 1.995301112342986585e+02 1.545665354922290229e-02
2.511906618420464952e+02 1.986690749156300626e+02 2.104882694314826747e-02
2.513536349127060419e+02 1.937577740144657241e+02 3.810962609193582068e-02
2.512443946279397551e+02 1.914776414592445519e+02 4.124075585716200504e-02
2.512112801894110135e+02 1.891734020476207832e+02 4.219512096070046625e-02
2.512747312548479783e+02 1.894355722332549590e+02 4.378302204786445329e-02
2.513390189126735663e+02 1.896131288149222200e+02 4.332005344444579686e-02
2.513799144726422128e+02 1.931135125915276660e+02 3.566482697563728987e-02
2.514254884521822362e+02 1.934944545295792295e+02 5.463435633150176551e-02
2.513976453579275301e+02 1.935294492704183256e+02 4.406323988677574716e-02
2.513545892778095947e+02 1.936607983365619248e+02 3.588818902114629394e-02
2.513884347193963436e+02 1.938637207243428122e+02 3.761822959181601589e-02
2.514141132323736940e+02 1.940059130025138359e+02 3.165243241267559626e-02
2.514575632419173417e+02 1.943984819503161532e+02 3.434902147118426563e-02
2.515782477856699018e+02 1.952506853153668942e+02 2.885431515166283004e-02
2.516176204226009929e+02 1.975298919333812648e+02 2.013101199251127876e-02
2.514828884367499597e+02 2.000764872866384962e+02 1.857966105824876077e-02
2.515844491282788624e+02 2.019463971702059268e+02 3.695626571148933476e-02
2.515467415538688272e+02 2.026069355945694497e+02 4.314542493613875845e-02
2.515158038800017835e+02 2.025810377806747056e+02 2.939444518898459702e-02
2.514363763366187925e+02 2.020770761502130028e+02 1.929441960387756616e-02
2.514629767256748494e+02 1.987438281005697718e+02 1.656128039246742081e-02
2.515023980961431391e+02 1.989237117086384217e+02 2.497187668790636778e-02
2.514843220149693082e+02 1.988788768544126242e+02 2.294537376592470021e-02
2.514943976737858122e+02 1.989250843699362861e+02 2.301035181552731762e-02
2.515211929969906919e+02 1.990451597444738070e+02 2.062646962073124562e-02
2.513904084276530284e+02 1.985784995756121134e+02 1.534294196241832095e-02
2.513003001173665893e+02 1.981489946677388048e+02 1.269102531301144823e-02
2.512351027668465804e+02 1.979391033841380363e+02 1.104626843244516446e-02
2.513734897679877633e+02 1.946346284270844649e+02 2.325808062963730105e-02
2.513422312650008053e+02 1.906092829266113426e+02 5.406579839747885363e-02
2.512881614054752220e+02 1.876922274069291063e+02 5.315610570304218907e-02
2.511539817330458106e+02 1.860308848792017500e+02 5.186872809529031320e-02
2.511621324171428284e+02 1.849959835443089275e+02 3.342714539244711486e-02
2.510546140506910149e+02 1.843661716151512451e+02 3.196513927638819363e-02
2.512566957849551557e+02 1.850588498072994810e+02 4.158595174567591285e-02
2.514360148962178698e+02 1.858029175144271505e+02 4.970008568980291419e-02
2.514457128701210706e+02 1.900493467675450745e+02 3.840202731514760076e-02
2.515191908608373126e+02 1.903168532755028650e+02 5.627911321206804929e-02
2.514800578304641476e+02 1.906303561203231141e+02 4.725122544540422131e-02
2.514280429017572374e+02 1.905572436311358615e+02 4.209359275819637286e-02
2.513676742325483247e+02 1.904117049834102886e+02 3.663949771967656838e-02
2.512803356116261853e+02 1.901444624487790236e+02 2.864313649045431912e-02
2.512232767618189087e+02 1.899489313141404523e+02 2.368043795205432289e-02
2.513803368299646195e+02 1.903992738702957013e+02 2.653947213456954099e-02
2.514867058971641143e+02 1.911680007472475609e+02 3.414596506617608579e-02
2.515533043368787105e+02 1.920817261418876853e+02 3.328906703704154896e-02
2.515865974650438375e+02 1.948425906748376519e+02 2.749789836620816427e-02
2.516134699496826101e+02 1.957507807518772438e+02 4.136665082826707779e-02
2.515855578162502013e+02 1.963158623602464274e+02 3.625775167826118806e-02
2.516224247371434899e+02 1.964637564622700836e+02 3.510439129781470907e-02
2.516116708699342439e+02 1.964758261349837767e+02 3.128286975556070215e-02
2.514478612068860457e+02 1.959300876797556725e+02 2.182450241027952820e-02
2.512849815421727726e+02 1.940574405958487034e+02 1.323115535033321521e-02
2.514663474619979979e+02 1.946258766960286266e+02 2.229153214179835016e-02
2.515413158867270056e+02 1.949350178892692895e+02 2.467541433659441868e-02
2.516579514857637037e+02 1.964625624906086330e+02 4.708471919329751398e-02
2.517380125651303331e+02 1.971998602971933678e+02 5.818784341914497171e-02
2.516848889484521123e+02 1.976261812806361320e+02 5.689234355519276476e-02
2.515796042024553572e+02 1.983255887620463227e+02 3.360177390075415327e-02
2.515744262641276521e+02 1.989830691569504211e+02 4.258498925831617765e-02
2.514299435097081243e+02 1.979261199576018271e+02 2.485004284490145710e-02
2.514376149806893466e+02 1.980493548898012932e+02 3.094173499514695294e-02
2.513611398774351642e+02 1.977035051596632513e+02 2.895990448226708550e-02
2.513855391350609239e+02 1.932356916304210870e+02 2.512213842761242336e-02
2.512380552069753890e+02 1.928449786181605532e+02 2.144275636886414441e-02
2.512700244073798785e+02 1.928340013889058184e+02 2.357484862145006743e-02
2.512547464434670701e+02 1.926816603516124644e+02 2.269764495181471678e-02
2.511554559225461674e+02 1.915909347498548243e+02 2.272607284851586168e-02
2.511395484837778156e+02 1.914954860561166754e+02 2.482567607630047427e-02
2.511981058898540766e+02 1.915779838123434047e+02 3.177426625568050000e-02
2.511605160881589711e+02 1.913698388138257087e+02 2.925230570547886905e-02
2.511049029999553284e+02 1.911205464653971546e+02 2.732326985790112933e-02
2.510600234733204275e+02 1.908981631517602864e+02 2.449672470018721820e-02
2.510305518666975217e+02 1.904579652935992442e+02 2.087419843484122906e-02
2.511104829899649644e+02 1.905467050037159424e+02 2.575161328313779058e-02
2.511298911211556231e+02 1.905662512132620066e+02 2.516681083671422348e-02
2.510993758046110145e+02 1.904251026450127426e+02 2.480130930769949144e-02
2.512888030637150507e+02 1.869958454659535221e+02 3.656233628577346129e-02
2.511617994046386286e+02 1.867516904445716932e+02 2.868374777145595370e-02
2.511781210784731684e+02 1.866746711501520792e+02 2.698619622558754219e-02
2.511564833879555181e+02 1.864107749850753635e+02 2.809894532503238659e-02
2.513841258624820796e+02 1.891848503677351516e+02 3.262304202861470576e-02
2.514896583372929229e+02 1.898477645520372619e+02 5.640906931127328411e-02
2.515478015083029675e+02 1.915155155399066871e+02 3.146155939196790263e-02
2.514955226062695601e+02 1.938880346982784886e+02 2.366419343965366767e-02
2.516212591933787337e+02 1.953337516295276544e+02 5.450846136039669276e-02
2.515562933271604322e+02 1.978145282796655238e+02 1.952996503368705644e-02
2.515833201346670194e+02 1.995658532227081992e+02 2.498406007220685746e-02
2.515939440457770218e+02 2.004177763699200341e+02 4.332411457254595893e-02
2.515871700841059635e+02 2.006995252541250920e+02 3.749639574881110521e-02
2.513477868882418136e+02 1.987868435694066989e+02 1.762529595471029956e-02
2.512570694087403638e+02 1.962377993559050822e+02 3.129099201176102629e-02
2.512731189869922162e+02 1.941419404882288120e+02 4.566738548634039635e-02
2.512192846728964355e+02 1.930834399379459683e+02 3.097422401994825991e-02
2.511842208928796367e+02 1.913784687110385505e+02 2.295349602212502435e-02
2.513461827426422417e+02 1.869321913441115726e+02 3.854822792675349080e-02
2.511654422365444645e+02 1.840022579872236861e+02 4.595572558145201436e-02
2.510880330738272619e+02 1.820752120924150290e+02 4.686135714778850991e-02
2.511829213318875702e+02 1.822371211475123687e+02 4.968790230550242104e-02
2.513875696991110260e+02 1.851926883449684738e+02 4.163062415477771644e-02
2.513745781503185981e+02 1.852033163172065997e+02 4.583795286654727269e-02
2.513808728988738608e+02 1.878335871538396020e+02 3.674914817838099285e-02
2.514605481710709682e+02 1.908175741257406344e+02 5.121894759926412521e-02
2.515288644679719141e+02 1.910888087492943725e+02 5.859801735726150040e-02
2.514730889346442666e+02 1.924914452336570037e+02 2.560541267153189707e-02
2.515312605335510057e+02 1.927080008284701194e+02 2.938632293278426941e-02
2.515409585074542065e+02 1.930264054549072625e+02 3.243623013600718114e-02
2.515346109642336501e+02 1.944439422182693988e+02 2.542672303512469659e-02
2.515524230720809555e+02 1.946610744932727357e+02 2.867968664335579163e-02
2.513914561987028833e+02 1.938944675251891567e+02 2.427336265467821760e-02
2.515103091736822591e+02 1.942772775821667608e+02 2.614554270885366405e-02
2.516350913956879083e+02 1.952380470847191987e+02 4.729589785450602490e-02
2.513170806986764774e+02 1.969297181170985596e+02 1.130211950275547550e-02
2.514447341382489185e+02 1.972936601729228414e+02 2.040716870332241056e-02
2.515086075610082901e+02 1.974045817647225931e+02 2.251489418730735076e-02
2.515791615394924463e+02 1.975260338616861020e+02 2.863095310615382597e-02
2.516180509021796183e+02 1.976788987845043550e+02 2.962592949069392523e-02
2.515124899994720522e+02 1.972295024711964402e+02 2.386318871656168544e-02
2.515214853982139118e+02 1.972607569130553031e+02 2.499218232840718507e-02
2.514951489824843520e+02 1.972314843017093153e+02 2.168642405487396230e-02
2.513334429837920254e+02 1.965487802401751196e+02 1.665874746687134866e-02
2.513638364664936660e+02 1.935059109719497883e+02 2.707960217189130797e-02
2.512676973809784897e+02 1.930067820839272770e+02 2.533737821692109635e-02
2.512739961906618475e+02 1.929470713174705736e+02 2.584908035754171843e-02
2.512028980210122882e+02 1.905775533327647793e+02 3.090112371414531489e-02
2.513442983792037637e+02 1.867359454509273462e+02 4.142350662166936759e-02
2.511472727494243316e+02 1.857946449964871363e+02 2.960968497829327001e-02
2.511643254263169354e+02 1.847740266491225896e+02 2.945130098238688682e-02
2.511032095095375496e+02 1.839190048611703219e+02 3.499474083911028460e-02
2.512500030458460856e+02 1.844163955863659794e+02 3.365050743795611199e-02
2.515135824429310105e+02 1.855431596388844753e+02 4.726746995780487653e-02
2.515395533571315525e+02 1.857057062910935485e+02 4.957012959059767937e-02
2.514524624650235296e+02 1.890496635355368937e+02 5.120676421496363206e-02
2.512201578154379717e+02 1.882553840405788037e+02 3.595722819884907689e-02
2.512105166973281882e+02 1.880433850314940400e+02 2.979243574280063603e-02
2.513068750837607581e+02 1.882948094721751886e+02 3.639176890556658495e-02
2.513686407810361629e+02 1.884713223439206899e+02 4.063564777023761371e-02
2.514219349650946072e+02 1.931780398559111802e+02 2.858628069705202585e-02
2.515470095883234478e+02 1.945334819706218070e+02 6.396682870567786672e-02
2.515421971515247606e+02 1.951282504254031664e+02 6.233019408131190708e-02
2.515872837956927697e+02 1.962599203206666800e+02 2.963811287499441491e-02
2.516206703298042271e+02 1.966050959035400751e+02 2.700244073798819741e-02
2.515823982585882845e+02 1.966011281813862297e+02 2.603995337824940859e-02
2.514611289123892846e+02 1.962310456998744996e+02 1.963149323619114983e-02
2.513224738767935094e+02 1.956839914391419768e+02 1.653691362386643798e-02
2.513822171322750023e+02 1.916956915491985285e+02 3.182299979288246566e-02
2.512147930652176626e+02 1.913706429171895422e+02 2.386318871656168544e-02
2.512996016033333717e+02 1.915972173150257731e+02 2.791213343242485850e-02
2.513532166165117303e+02 1.917314863322733913e+02 3.028789337102060289e-02
2.514144665505183980e+02 1.924395724444336224e+02 2.869593115575644685e-02
2.514405430540495558e+02 1.955027270475192722e+02 2.617803173365497449e-02
2.514461474108277912e+02 1.955510585330393099e+02 3.470233961589850452e-02
2.512864273037764349e+02 1.904316776114068830e+02 2.836291865154302524e-02
2.513108184391460327e+02 1.874113354207531756e+02 5.328606180224743083e-02
2.513845076085235064e+02 1.882059763561121883e+02 6.542071256553645686e-02
2.514179144482754396e+02 1.886875652318701100e+02 4.100927155545267683e-02
2.514292815458277914e+02 1.889598151374488850e+02 3.740298980250734290e-02
2.514962089369184923e+02 1.941320110300239321e+02 2.198694753428607346e-02
2.515392000389868201e+02 1.951485763715444932e+02 5.814723213814333019e-02
2.516619029634051685e+02 1.971251842736875517e+02 2.918732765587624817e-02
2.516384580708829333e+02 1.986046045070399657e+02 1.945686472788411142e-02
2.516685713357456393e+02 1.987723900144982281e+02 2.360733764625137440e-02
2.516227374440071856e+02 1.989357164033025072e+02 2.132498365395939580e-02
2.515420428286569461e+02 1.987221904100520931e+02 1.791363604982192104e-02
2.512657480394904042e+02 1.965342698294732315e+02 1.767402949191226175e-02
2.512170835414661383e+02 1.963761579291495707e+02 1.730852796289753318e-02
2.512844170453668653e+02 1.965976762225010930e+02 1.993201671560326099e-02
2.514090246388641958e+02 1.972149148990606591e+02 2.376572164215775759e-02
2.515412062362683230e+02 1.983729455768223318e+02 2.621458188655644700e-02
2.516002063053074949e+02 1.995984356534558231e+02 2.268952269561438917e-02
2.516404926960611022e+02 2.000212965557572602e+02 2.295755715022518989e-02
2.516551696130150901e+02 1.999804497293258123e+02 2.346925929084581197e-02
2.512537392836982235e+02 1.997543586057335006e+02 8.508063369842874812e-03
2.513476691155269123e+02 1.999296978114580554e+02 1.258137485430702897e-02
2.515845059840722513e+02 2.015296320211828345e+02 1.598053907414401578e-02
2.514183814780069497e+02 2.007431214642803354e+02 1.410023676376823999e-02
2.513783671828360582e+02 2.005515661740518283e+02 1.490434012760064562e-02
2.512330437748997838e+02 1.997019578698570967e+02 1.076605059353387232e-02
2.511408927171789855e+02 1.984692511685896079e+02 1.632573496265792706e-02
2.511930497853693680e+02 1.985724160057180825e+02 1.814918147963141132e-02
2.512024756636898530e+02 1.985296442045671483e+02 1.862839459545072296e-02
2.511967169840438316e+02 1.983444242741748837e+02 1.787708589692044506e-02
2.512547220766984708e+02 1.984410100837810660e+02 2.099603227784613974e-02
2.513166136689449672e+02 1.941525522159545574e+02 2.574755215503762504e-02
2.512689197805366348e+02 1.887385567562957647e+02 5.065851192144153747e-02
2.511440035413037037e+02 1.865087497004917907e+02 4.440843577528966191e-02
2.511246400825221201e+02 1.863998464893578273e+02 5.270125935582386373e-02
2.511641183087838272e+02 1.863883088244252519e+02 4.297485755593188905e-02
2.512967628747913693e+02 1.869275819637178699e+02 4.282459581622583000e-02
2.513894824904461984e+02 1.918598910805443438e+02 3.861320597635611168e-02
2.514126146761047380e+02 1.919642620727185545e+02 5.059759499993908560e-02
2.514207409934331565e+02 1.925374375093913670e+02 3.759792395131519860e-02
2.514987836921339976e+02 1.934669363255725045e+02 2.876903146155939187e-02
2.515498808058902682e+02 1.937083947578958600e+02 3.182299979288246566e-02
2.515368161567920424e+02 1.938711810166628027e+02 3.255400285091192975e-02
2.515167582451053363e+02 1.940892920235382917e+02 2.921575555257739654e-02
2.515453485869304870e+02 1.944763581427648944e+02 3.304133822293156553e-02
2.515956456584509908e+02 1.947559018344115600e+02 3.672884253788017556e-02
2.516230176618461201e+02 1.950896372194268054e+02 3.335810621474433191e-02
2.516193910744526647e+02 1.953282528620800349e+02 3.188391671438492447e-02
2.516230257841023104e+02 1.954612913575132893e+02 3.213164552849490790e-02
2.516185707265764222e+02 1.954897842322640429e+02 3.174177723087919650e-02
2.516544020598041698e+02 1.957174388901749182e+02 3.399976445457018881e-02
2.516898191579657009e+02 1.959029512217904028e+02 3.672072028167984448e-02
2.516577849795116038e+02 1.960655263018961421e+02 3.174989948707952064e-02
2.516680393279645216e+02 1.962693583823714505e+02 3.344338990484777008e-02
2.516970845161368970e+02 1.964686135714778743e+02 3.359365164455382219e-02
2.517025832835845165e+02 1.965733419429249125e+02 3.267989782201700250e-02
2.516959149112440457e+02 1.965998529871627625e+02 3.192452799538655905e-02
2.516307378663645125e+02 1.972627752937210914e+02 2.538611175412306201e-02
2.516384824376515326e+02 1.978938664782303363e+02 2.727047519259900160e-02
2.516586256330283504e+02 1.985804976506373976e+02 2.104882694314826747e-02
2.516477255652075087e+02 1.992289339132624377e+02 2.084170941003992208e-02
2.516496992734641935e+02 1.992116700577086306e+02 2.196664189378525617e-02
2.515968233856000609e+02 1.990988681635984960e+02 2.145900088126479616e-02
2.515015330758578216e+02 1.938679605420793735e+02 3.261491977241438162e-02
2.512872192237559830e+02 1.908496976490129384e+02 3.791875307122812705e-02
2.511738040993027141e+02 1.903405052855582085e+02 3.152247631347035450e-02
2.512141960793869373e+02 1.902555221189342092e+02 3.089300145794498728e-02
2.511853945589005832e+02 1.900188842456657596e+02 2.910204396577281347e-02
2.512635062967791271e+02 1.903038251765575524e+02 2.784309425472207555e-02
2.514358565122219602e+02 1.912915321417983421e+02 3.126256411505987792e-02
2.515138220494889083e+02 1.916855224844357224e+02 3.764259636041699525e-02
2.515384934026974122e+02 1.923455492066586316e+02 3.663543659157640631e-02
2.515989108054435235e+02 1.930894544686622964e+02 4.051787505533287204e-02
2.516417922570531687e+02 1.935122463317860309e+02 3.754512928601307087e-02
2.515574994822061683e+02 1.946927878426069185e+02 2.496781555980620224e-02
2.516013556045598420e+02 1.951190154201034090e+02 2.772532153981733041e-02
2.516355340586508191e+02 1.953918744948971948e+02 3.237531321450472233e-02
2.516381209972506099e+02 1.957456799749834602e+02 3.033662690822256508e-02
2.516554538919821198e+02 1.964864825351185971e+02 2.884619289546250243e-02
2.516934254397186521e+02 1.967992828047775049e+02 2.951627903198950770e-02
2.513117565597371765e+02 1.975741825964416307e+02 1.005535317600523074e-02
2.513465319996588789e+02 1.976345106543695636e+02 1.371036846615252859e-02
2.511686383443592945e+02 1.968135211198966772e+02 9.080682431965952234e-03
2.511468950645110283e+02 1.966826431446127117e+02 9.369022527077571980e-03
2.512395253353476505e+02 1.970423331993161185e+02 2.178795225737805569e-02
2.515134727924722995e+02 1.985311386997080092e+02 3.340277862384612856e-02
2.516659884582739437e+02 1.997705259567002543e+02 4.206922598959538656e-02
2.516725918525648069e+02 2.003148633227337996e+02 4.488764889110897355e-02
2.515624865475131742e+02 2.025541734182921232e+02 1.859184444254925045e-02
2.514880907418462641e+02 2.023319119384982798e+02 1.780804671921766558e-02
2.513768889322075779e+02 2.016496018063897679e+02 1.429923204067625950e-02
2.514027177069246193e+02 2.016879307333991278e+02 1.677245905367593173e-02
2.513237247042483489e+02 1.996309368616414304e+02 1.719887750419311565e-02
2.513076751259964965e+02 1.995454907264139877e+02 1.801110312422584889e-02
2.512867562551525680e+02 1.965237961801029201e+02 2.150367329036659975e-02
2.512790929064275360e+02 1.926886820420976676e+02 3.890154607146772969e-02
2.513008077583791362e+02 1.897871481540142327e+02 4.200018681189261055e-02
2.511823284071849400e+02 1.892500030458460856e+02 4.286520709722746458e-02
2.512051275803392798e+02 1.891427161636959511e+02 3.858071695155480124e-02
2.511878028078639602e+02 1.890530545775005464e+02 3.654203064527264400e-02
2.513566035973472594e+02 1.900878137729098398e+02 3.719993339749915612e-02
2.513550766131816090e+02 1.900704240223849411e+02 3.537648688052567186e-02
2.513580087476699418e+02 1.900863152166408838e+02 3.793093645552862020e-02
2.512579384901538049e+02 1.896001007159768790e+02 2.982898589570210854e-02
2.513670650633332855e+02 1.863900835374050189e+02 3.782128599682419573e-02
2.512772044818609629e+02 1.861354548666528501e+02 3.385356384296429877e-02
2.513308438618079208e+02 1.863752644809675303e+02 3.352461246685103924e-02
2.514071687033224123e+02 1.885894889882511620e+02 3.339871749574596649e-02
2.514992669663779168e+02 1.900284157133168321e+02 4.057066972063499977e-02
2.515735084491770124e+02 1.907206674870145378e+02 4.485109873820750104e-02
2.515574791765656641e+02 1.922288892408533343e+02 3.577447743434171434e-02
2.515662309076215308e+02 1.927050240215727115e+02 3.633897424026445722e-02
2.514982760511214792e+02 1.925177938327708773e+02 3.123007509025857095e-02
2.513207803863757306e+02 1.919990131458716576e+02 2.355860410904941221e-02
2.512226716537319646e+02 1.915651790754435808e+02 1.884363438475939942e-02
2.512583852142448109e+02 1.916242887949414637e+02 2.395659466286545122e-02
2.513041622501898473e+02 1.916727015030235179e+02 2.694558494458590761e-02
2.513065339490003396e+02 1.916922802015944001e+02 2.811925096553320735e-02
2.514219836986318057e+02 1.920980396934660632e+02 2.833449075484188034e-02
2.515479761368112861e+02 1.926093966381981488e+02 3.231845742110243253e-02
2.515850948476467863e+02 1.928852731311703792e+02 3.562827682273581736e-02
2.515852532316426959e+02 1.931090778396422820e+02 3.525465303752076118e-02
2.516039587876720418e+02 1.934331924121882480e+02 3.671665915357968241e-02
2.515694635655892455e+02 1.933891779058386931e+02 3.371548548755873287e-02
2.512918245430215620e+02 1.916311886515836420e+02 3.161182113167395474e-02
2.511149339863627290e+02 1.890879356067528363e+02 4.580140271364579324e-02
2.510999037512640371e+02 1.885101223617896551e+02 4.614659860215970799e-02
2.511496038369538155e+02 1.878710551216917111e+02 3.642425793036789539e-02
2.510809139162676615e+02 1.876571676880403743e+02 3.174989948707952064e-02
2.513790900636378751e+02 1.892486019566515267e+02 3.313474416923532784e-02
2.514010973168126668e+02 1.893215560618428697e+02 3.856447243915414602e-02
2.514630782538773701e+02 1.909332350540333039e+02 3.630242408736298471e-02
2.515383553243420067e+02 1.929332309929052087e+02 3.470640074399866659e-02
2.515545714088459590e+02 1.930802844414121466e+02 3.435308259928442770e-02
2.514827056859854508e+02 1.929439239431929423e+02 3.293168776422714800e-02
2.514548585306026212e+02 1.928895576213160439e+02 2.915889975917510327e-02
2.515127539727985777e+02 1.932035356181239933e+02 3.082396228024220433e-02
2.515223585407554481e+02 1.955932495928718993e+02 3.274487587161961644e-02
2.515344403968534266e+02 1.964460052713442622e+02 5.166973281838228849e-02
2.515991016784642511e+02 1.971942721849275415e+02 3.352461246685103924e-02
2.513093076994927628e+02 1.982943911759808771e+02 1.103002392004450924e-02
2.513133850721053193e+02 1.982911463346288201e+02 1.106251294484581968e-02
2.511574215085466335e+02 1.968534501313774854e+02 1.577342154103567040e-02
2.510406153421297404e+02 1.955351754610395574e+02 2.127218898865726807e-02
2.510721053294184060e+02 1.953936654523893708e+02 2.109756048035023313e-02
2.513441643619764818e+02 1.967926915938709556e+02 3.138033682996462653e-02
2.516301246360214066e+02 1.986046491794490692e+02 4.608974280875741819e-02
2.515831455061587008e+02 1.992047174064011585e+02 5.054886146273711994e-02
2.515777401446573833e+02 1.996616105621819770e+02 3.429216567778197583e-02
2.514651778571051466e+02 2.031700231890414443e+02 1.382408005295710993e-02
2.515589493049379257e+02 2.035143499961419309e+02 2.386724984466185098e-02
2.515430581106819830e+02 2.044559509740615795e+02 1.334080580903763448e-02
2.515524027664404514e+02 2.055064795298838192e+02 1.031120424631554178e-02
2.513631826248695234e+02 2.044837737626758098e+02 8.504002241742711007e-03
2.513972798563985123e+02 1.972215467212482167e+02 2.283166217912011714e-02
2.513800647343819037e+02 1.912610087029975148e+02 5.000467029731518742e-02
2.512345139032720454e+02 1.902706051486981949e+02 4.272306761372173661e-02
2.513172999995938994e+02 1.873227987670415189e+02 4.006708983621470183e-02
2.512436595637536243e+02 1.869379865739105071e+02 3.287889309892502027e-02
2.512589334665383376e+02 1.872565820733683495e+02 3.199762830118950407e-02
2.514608080832693702e+02 1.885715509854327365e+02 3.437744936788541400e-02
2.515123072487075433e+02 1.887017710579644927e+02 3.457644464479343177e-02
2.515028894926432770e+02 1.888875392406502556e+02 4.059503648923597913e-02
2.515163155821423970e+02 1.897618310814378049e+02 3.874316207556134650e-02
2.514887080333174936e+02 1.896705003715932207e+02 3.819490978203925191e-02
2.514389998253714964e+02 1.895314229786750104e+02 3.631460747166347786e-02
2.514205988539496559e+02 1.895109264651534886e+02 3.348400118584940466e-02
2.514441493358025070e+02 1.904586394408638910e+02 3.190422235488574176e-02
2.515059597054869869e+02 1.930130402823296265e+02 3.098234627614858752e-02
2.514674561499693368e+02 1.929090754029654420e+02 2.458200839029065637e-02
2.515109995654592865e+02 1.931220206548975113e+02 3.368299646275742243e-02
2.515320159033776406e+02 1.934836803567294794e+02 3.378452466526151582e-02
2.515230001989952768e+02 1.936142212583811499e+02 3.207478973509261116e-02
2.515257495827191008e+02 1.939747235387045805e+02 3.166461579697608247e-02
2.515292543362695312e+02 1.940498422251733075e+02 3.105544658195153601e-02
2.513744075829383746e+02 1.936514374362910473e+02 2.479724817959932937e-02
2.513671381636390834e+02 1.936469905010213779e+02 2.290476248492306216e-02
2.515013300194528085e+02 1.945734556545117186e+02 2.629174332045955756e-02
2.515969005470339539e+02 1.967908234749448582e+02 2.646637182876659597e-02
2.516327115746211973e+02 1.970578670142992337e+02 3.995337824941012222e-02
2.515458115555339020e+02 1.975416854493841186e+02 2.481755382010014666e-02
2.515256358711322946e+02 1.975242063540410129e+02 2.282353992291978953e-02
2.514636386895551823e+02 1.973325251688414141e+02 2.109756048035023313e-02
2.515410275466319092e+02 1.980396244268733028e+02 2.233620455090015028e-02
2.515994225075841655e+02 1.986547797447175014e+02 2.426117927037772445e-02
2.516350304787663958e+02 1.990597391943533978e+02 1.935127539727985596e-02
2.514270925977818081e+02 1.955057322823133745e+02 2.262048351791160622e-02
2.513671259802547979e+02 1.885721601546477473e+02 4.444904705629129649e-02
2.511467163748746145e+02 1.879048761965098606e+02 2.692121817598492478e-02
2.511534091139836846e+02 1.863074720695914834e+02 2.662475582467297916e-02
2.510955827109654592e+02 1.856544954657504718e+02 2.942693421378590399e-02
2.514066204510288856e+02 1.886243740786315755e+02 3.312662191303500370e-02
2.514535508473543644e+02 1.888828973712317918e+02 4.837209680104939680e-02
2.513887393040038774e+02 1.923074842529757973e+02 3.226972388390046687e-02
2.514479464905761574e+02 1.926567169028212732e+02 4.581358609794628639e-02
2.514482673196960718e+02 1.931690972518346143e+02 2.846038572594695309e-02
2.514452783294143501e+02 1.932552622067357788e+02 2.797711148202747591e-02
2.513532003719993213e+02 1.929967470363917812e+02 2.504497699370931280e-02
2.513760848288437444e+02 1.930191116688393720e+02 2.641763829156463031e-02
2.514809756454147873e+02 1.938073441440563442e+02 2.773750492411782009e-02
2.513092670882117545e+02 1.961111611983576779e+02 1.209403948228738972e-02
2.513805520697539464e+02 1.962387537210086350e+02 1.474189500359409863e-02
2.514756758732440574e+02 1.964269301526578033e+02 2.037874080662126219e-02
2.515357765079983778e+02 1.964920787696406421e+02 2.581659133274040799e-02
2.515748851716029719e+02 1.966325491294971926e+02 2.921981668067755861e-02
2.516259091850534162e+02 1.968700763898195589e+02 3.229815178060161523e-02
2.516664676713897677e+02 1.975543074355194335e+02 2.990614732960521910e-02
2.516888932207588709e+02 1.986435426032643363e+02 4.482673196960651474e-02
2.516875895986387093e+02 1.990248541039730128e+02 4.508258303991682925e-02
2.516138598179802273e+02 1.998835593351120963e+02 2.333930319164057368e-02
2.516241913278670665e+02 2.003236637873268364e+02 1.938782555018132847e-02
2.516721045171927926e+02 2.005490685802702160e+02 2.234026567900031235e-02
2.514713629552016982e+02 1.998339201663438018e+02 1.741817842160195418e-02
2.515197878466680379e+02 1.999817655348302594e+02 2.203974219958820119e-02
2.514584282622026876e+02 1.997368307768531963e+02 1.895328484346381695e-02
2.514764312430706923e+02 1.998262649398749886e+02 1.939188667828149401e-02
2.514943692458891178e+02 1.999493455492066687e+02 1.988734430650146087e-02
2.514863363345070013e+02 1.999420233352420553e+02 1.928629734767723855e-02
2.513856122353667502e+02 1.944049594496359248e+02 2.521148324581602360e-02
2.513211296433923394e+02 1.899669058671117625e+02 3.415814845047657200e-02
2.511687114446650924e+02 1.893070822012938663e+02 2.632423234526086800e-02
2.513243704236162728e+02 1.897866039628488011e+02 3.004422568501078153e-02
2.514548950807555343e+02 1.904696775870401382e+02 3.479980669030242890e-02
2.514587084800415937e+02 1.924640651080057125e+02 3.022291532141798201e-02
2.514577013202727471e+02 1.963188960229372526e+02 2.293319038162420706e-02
2.515294736371869249e+02 1.965658775894767984e+02 3.197732266068868678e-02
2.515282837266535978e+02 1.974080540292482340e+02 2.670597838667625179e-02
2.515334616649813029e+02 1.980356973160004372e+02 2.230371552609883984e-02
2.515095253759589298e+02 1.980198264273849986e+02 2.124376109195612317e-02
2.514812883522784830e+02 1.979737041955514485e+02 2.027721260411717227e-02
2.515276704963104635e+02 1.983229693344217139e+02 1.997668912470506111e-02
2.515406417394623872e+02 1.982961171554234454e+02 2.214127040209229458e-02
2.516016520669111571e+02 1.988569833128246387e+02 2.041529095952273470e-02
2.516486393190300532e+02 1.993966138313900842e+02 2.272607284851586168e-02
2.516045070399655685e+02 2.002987690720728438e+02 1.632167383455776499e-02
2.516044095728911714e+02 2.006098027510081749e+02 1.707298253308804289e-02
2.513359162108050384e+02 1.991056543086538682e+02 2.138590057546185114e-02
2.513415124453270550e+02 1.991239781186417872e+02 2.821265691183696966e-02
2.513506337390400347e+02 1.973170157206268698e+02 1.998481138090538872e-02
2.512685136677266087e+02 1.970862380552069624e+02 1.797861409942453845e-02
2.512523747446565778e+02 1.966376336618785956e+02 1.381595779675678232e-02
2.513276883652740992e+02 1.968598504692633639e+02 1.656534152056758288e-02
2.514316451223820934e+02 1.971923512713361504e+02 1.935127539727985596e-02
2.514488399387581978e+02 1.975253312865247608e+02 2.191790835658329051e-02
2.514895405645780215e+02 1.979219207511462457e+02 2.404593948106905146e-02
2.515331042857084753e+02 1.982037874080662050e+02 2.460637515889163573e-02
2.515454501151329794e+02 1.982758440039474124e+02 2.413122317117248963e-02
2.513179010465527199e+02 1.971429110978447454e+02 1.927005283527658333e-02
2.513308682285765201e+02 1.892617194004150463e+02 4.070062581984023459e-02
2.512297989335477553e+02 1.860096451792378787e+02 5.447597233559538232e-02
2.512392491786368396e+02 1.859791785962304687e+02 6.211495429200323409e-02
2.512359677871318979e+02 1.859424538148206807e+02 4.670703427998229573e-02
2.514195470217717059e+02 1.877464718949629798e+02 4.035136880322615777e-02
2.514305973513322670e+02 1.918188208920674072e+02 2.874872582105857458e-02
2.514552280932597341e+02 1.927052555058744190e+02 4.585419737894792097e-02
2.515263303240374171e+02 1.940062419538899405e+02 3.222099034669850814e-02
2.515809890471375070e+02 1.945515093182584394e+02 2.816798450273516954e-02
2.515694757489735593e+02 1.955416813882560234e+02 2.393222789426446839e-02
2.516430918180452068e+02 1.958781417902264934e+02 2.942693421378590399e-02
2.516815019676165548e+02 1.960790904697506960e+02 3.575823292194105912e-02
2.513024971876687914e+02 1.972940175521956405e+02 1.010408671320719466e-02
2.515150566324313672e+02 1.982397852475460525e+02 1.899389612446545500e-02
2.515919540930079563e+02 1.993551334689749979e+02 2.067926428603337335e-02
2.516035039413248171e+02 2.003549222903137945e+02 4.042853023712927180e-02
2.516190621230765601e+02 2.007957821123551696e+02 4.847768613165365226e-02
2.515869832722133594e+02 2.005557410137388104e+02 3.429216567778197583e-02
2.513012991548792456e+02 1.990603646080808460e+02 2.824108480853811456e-02
2.513456710405016281e+02 1.991168752055946243e+02 2.776999394891913053e-02
2.514729711619293653e+02 1.997046300921469992e+02 2.517493309291455109e-02
2.513979783704317299e+02 1.994306948184066641e+02 2.272201172041569614e-02
2.513953711261914350e+02 1.994137964643818748e+02 2.418807896457477943e-02
2.514404821371280434e+02 1.994877171180610560e+02 2.679938433298001410e-02
2.513779570088979369e+02 1.992518386757473365e+02 2.062240849263108355e-02
2.514365306594865785e+02 1.993692418279949834e+02 2.206817009628934609e-02
2.514956688068811843e+02 1.995003431653244661e+02 2.456576387789000115e-02
2.514714319943794010e+02 1.994252975791615370e+02 2.138996170356201668e-02
2.513078619378891005e+02 1.982775212498527821e+02 1.912385222367068982e-02
2.513244394627939755e+02 1.982460515682046207e+02 1.841721593424221551e-02
2.513535739957845578e+02 1.940254835788285277e+02 2.314436904283271798e-02
2.513339384414202584e+02 1.885263506296779212e+02 3.775630794722158179e-02
2.511747178531252302e+02 1.862962268058821280e+02 4.502572724651453945e-02
2.511430248094315516e+02 1.861370427677400130e+02 4.504197175891519467e-02
2.512076414186332727e+02 1.865043555598874150e+02 3.841014957134793184e-02
2.513793377924519916e+02 1.899524198231784737e+02 3.368299646275742243e-02
2.514337772146346879e+02 1.929456214947388162e+02 4.632122711046674640e-02
2.514583754675373655e+02 1.932502792025568965e+02 5.296929381043466445e-02
2.514386952407639910e+02 1.937873024768820187e+02 2.951221790388934216e-02
2.514631513541831680e+02 1.940026519166493983e+02 2.818016788703565922e-02
2.515291974804761139e+02 1.942001283316479601e+02 3.280985392122223732e-02
2.514970455293071439e+02 1.941368843837441034e+02 2.979649687090079810e-02
2.515138058049764993e+02 1.941979028334490636e+02 3.073461746203860409e-02
2.515514199734402325e+02 1.943579194028517350e+02 3.191234461108606590e-02
2.515726312455073810e+02 1.945293477422158333e+02 3.213164552849490790e-02
2.515930912088759897e+02 1.948514723619927054e+02 3.304946047913189661e-02
2.515862806970520182e+02 1.949951713186889037e+02 3.328906703704154896e-02
2.515537388775854026e+02 1.949550189451625783e+02 3.112854688775448103e-02
2.515480289314765798e+02 1.949331578925994108e+02 2.830200173004056990e-02
2.515533205813910911e+02 1.949510715286492371e+02 3.213570665659506997e-02
2.515462948297778212e+02 1.949140259181195347e+02 3.073055633393844202e-02
2.515535073932836951e+02 1.949504136258969993e+02 3.127880862746053314e-02
2.515141956732741164e+02 1.948710835495884055e+02 2.991833071390570878e-02
2.515482198044973075e+02 1.949764860683000620e+02 3.138033682996462653e-02
2.513975154018283149e+02 1.973065339490003396e+02 2.173515759207592796e-02
2.514322177414442194e+02 1.974226943960493372e+02 3.191234461108606590e-02
2.513526967921149264e+02 1.970395391431831911e+02 2.376166051405759552e-02
2.513560147337727528e+02 1.970313031753960615e+02 2.186105256318100071e-02
2.514830914931549728e+02 1.980433322368287463e+02 1.984673302549982282e-02
2.515475862685136690e+02 1.994248305494300268e+02 1.846594947144417770e-02
2.515841242380308529e+02 1.996374874612669998e+02 1.785271912831946570e-02
2.515744953033053548e+02 1.998995236296738369e+02 1.752376775220620617e-02
2.514500988884692276e+02 1.995380507397344729e+02 1.217932317239082615e-02
2.514457534814020505e+02 1.950220600478400854e+02 2.252301644350767837e-02
2.513678610444409287e+02 1.908973387427559487e+02 2.515868858051389587e-02
2.513765681030876635e+02 1.871954174230517651e+02 4.431096870088573059e-02
2.512004978943050730e+02 1.857272668201773058e+02 3.782128599682419573e-02
2.511795830845892397e+02 1.854025755674411187e+02 3.459675028529424906e-02
2.511543837847277132e+02 1.851661976063710995e+02 3.326876139654073167e-02
2.513152247631346938e+02 1.884057432473592542e+02 3.271644797491847501e-02
2.515842217051052501e+02 1.908180330332159542e+02 4.525315042012369865e-02
2.516050309254904960e+02 1.912488578077218335e+02 6.013718490722352872e-02
2.512542388024545517e+02 1.921457213984900818e+02 1.751158436790571649e-02
2.511097885370598135e+02 1.917228970463415294e+02 1.324333873463370663e-02
2.510630855639079471e+02 1.915685619951510148e+02 1.239862408979966468e-02
2.511729715680421577e+02 1.916994765205878934e+02 1.924162493857543843e-02
2.512325808062963688e+02 1.917963059978800970e+02 2.052494141822715570e-02
2.512887543301778237e+02 1.919121212490405526e+02 2.326214175773746312e-02
2.514171753229612136e+02 1.923709637463094566e+02 2.954470692869065260e-02
2.515489305019148105e+02 1.928394270560476400e+02 3.516936934741732301e-02
2.516197687593659680e+02 1.933591214967693759e+02 3.739892867440717389e-02
2.516267782664668573e+02 1.937793264212933195e+02 3.133972554896299195e-02
2.516361513501220486e+02 1.940229900461750390e+02 3.402413122317117511e-02
2.516433679747560177e+02 1.941987394258377151e+02 3.419875973147820658e-02
2.516571027099907951e+02 1.943459999918777328e+02 3.157120985067232016e-02
2.516669996791708854e+02 1.947133290285375438e+02 3.404443686367199240e-02
2.516768925872228806e+02 1.949109922554287095e+02 3.817054301343827255e-02
2.515907316934498112e+02 1.956036785698331357e+02 2.655165551887003067e-02
2.516450777096862055e+02 1.964727153108590585e+02 2.423275137367657955e-02
2.516657041793069141e+02 1.967923991926477356e+02 2.485816510110178471e-02
2.516439405938181437e+02 1.971772073246506523e+02 2.700244073798819741e-02
2.516391403404037703e+02 1.978674041675296564e+02 2.300222955932699001e-02
2.516422064921193851e+02 1.984500745217006283e+02 2.047214675292502797e-02
2.516521562559647691e+02 1.986743503210321649e+02 2.262860577411193383e-02
2.515505427697705727e+02 1.984268895413767950e+02 2.020005117021406171e-02
2.514080256013515395e+02 1.909908421561341356e+02 2.458606951839081844e-02
2.513442090343855853e+02 1.864106612734885573e+02 4.975288035510504192e-02
2.511549970150708475e+02 1.846038816262381488e+02 5.002903706591616678e-02
2.511478697352550569e+02 1.843838821947960582e+02 4.244691090291061175e-02
2.512209741021861191e+02 1.847160053119555414e+02 4.109455524555610806e-02
2.513499433472630074e+02 1.890758415672705439e+02 3.305758273533222075e-02
2.514460783716500885e+02 1.920783960168455735e+02 5.041890536353188512e-02
2.514651981627456507e+02 1.926348477280018869e+02 6.243172228381600047e-02
2.514040619403257892e+02 1.927593416099124113e+02 4.158595174567591285e-02
2.512905412265419045e+02 1.922946592104354693e+02 2.782278861422125826e-02
2.511421841559148334e+02 1.913228353171944036e+02 2.112598837705137803e-02
2.510952943708703344e+02 1.912022726072848400e+02 2.165799615817281740e-02
2.511136506698830715e+02 1.911620674390932209e+02 2.313624678663239037e-02
2.511789657931180102e+02 1.913840162120233686e+02 2.676689530817870713e-02
2.512859805796854289e+02 1.917669196749473031e+02 3.177020512758033793e-02
2.514231208144998391e+02 1.923022250920860756e+02 2.886649853596331972e-02
2.514860033220027731e+02 1.924881557198958717e+02 3.061684474713385895e-02
2.515106665529550867e+02 1.927046503977875034e+02 3.087269581744416999e-02
2.515392041001149437e+02 1.929358950929389209e+02 3.252557495421078138e-02
2.515332383029357857e+02 1.929911264351011368e+02 2.967060189979572535e-02
2.515679365814235950e+02 1.934440478075999863e+02 3.677351494698197221e-02
2.515966000235545437e+02 1.943569081819547932e+02 3.302509371053091031e-02
2.516374468499859915e+02 1.947218127251387898e+02 3.302915483863107238e-02
2.516313104854266385e+02 1.951339441269996087e+02 3.437744936788541400e-02
2.515960761380296162e+02 1.957860638328114646e+02 2.744104257280587447e-02
2.516493175274227667e+02 1.960328951376113196e+02 3.058029459423238644e-02
2.516768194869170827e+02 1.965168191620268203e+02 3.516936934741732301e-02
2.517065347612259814e+02 1.966622156702688926e+02 3.558360441363402071e-02
2.513578056912649288e+02 1.942495116493459477e+02 2.722174165539703594e-02
2.513215926119957544e+02 1.901283722592461629e+02 4.112298314225725643e-02
2.512304771419404972e+02 1.882422138021499620e+02 3.292356550802681692e-02
2.512751414287860996e+02 1.883240130443434452e+02 3.121789170595808127e-02
2.513393681696901751e+02 1.888054232304649531e+02 3.053968331323074839e-02
2.514039685343794872e+02 1.890097385851841807e+02 3.546177057062911003e-02
2.514073758208555205e+02 1.922783091087042067e+02 3.111230237535382581e-02
2.514538026372965760e+02 1.925102279511202710e+02 3.994525599320979115e-02
2.514579490490868636e+02 1.930009340594630487e+02 3.105138545385137047e-02
2.512642900945024564e+02 1.940853324236406365e+02 1.273975885021341216e-02
2.512251854920259859e+02 1.939313831796196439e+02 1.371036846615252859e-02
2.513122438951091908e+02 1.940772467175932263e+02 1.786084138451979331e-02
2.514601501805171324e+02 1.945086359889049845e+02 3.274487587161961644e-02
2.515881000824408886e+02 1.953365010132514499e+02 4.794973947863237496e-02
2.516260228966402224e+02 1.960083171903491461e+02 5.962954389470306871e-02
2.516294545498848549e+02 1.967191729918736769e+02 3.438963275218590021e-02
2.516592388633714563e+02 1.970549105130423015e+02 2.880964274256102992e-02
2.516934010729500528e+02 1.972985578934116404e+02 2.869593115575644685e-02
2.517136579799136484e+02 1.974666845356303213e+02 3.062090587523402102e-02
2.517294801349918885e+02 1.975475740851293551e+02 3.155090421017150287e-02
2.517461307602025613e+02 1.976405617352388049e+02 3.103920206955088079e-02
2.516975759126370065e+02 1.981936670768405975e+02 2.722986391159736355e-02
2.516348152389770689e+02 1.990149774404333982e+02 2.718925263059572550e-02
2.516775707956155941e+02 1.993175396061517972e+02 3.091330709844580457e-02
2.516352254129151902e+02 2.003011448320114312e+02 1.844158270284319487e-02
2.516300028021783817e+02 2.002941231415262564e+02 1.950153713698591154e-02
2.516396601648005742e+02 2.004029573134825455e+02 2.001323927760653362e-02
2.516412115157348524e+02 2.005174730036509629e+02 2.043153547192338992e-02
2.514490389340350873e+02 1.998795997352144411e+02 1.447792167708345998e-02
2.512577963506702758e+02 1.985381238400402992e+02 1.521298586321308266e-02
2.513246140913022941e+02 1.944148848467127095e+02 2.467947546469458422e-02
2.513391732355413808e+02 1.904075342048514301e+02 4.987471419810995260e-02
2.511949422710640647e+02 1.896902171485195083e+02 4.160625738617673014e-02
2.511950316158822716e+02 1.895376040156434669e+02 3.599783947985071147e-02
2.512106141644025854e+02 1.895667872821712479e+02 3.277330376832076481e-02
2.512357647307269133e+02 1.896768641593261862e+02 3.706591617019375923e-02
2.514252569678805287e+02 1.922817001506678594e+02 3.232657967730276360e-02
2.514393531435162004e+02 1.923909038852812614e+02 4.056254746443466869e-02
2.514366443710733847e+02 1.926429537396898013e+02 3.339059523954564235e-02
2.514500867050849422e+02 1.928368198118073167e+02 3.050313316032927588e-02
2.514554433330490610e+02 1.929993745862725802e+02 3.229409065250145316e-02
2.514609867729057839e+02 1.929975470786274911e+02 3.204636183839146973e-02
2.514245178425663028e+02 1.929102084577053802e+02 2.990614732960521910e-02
2.514153315708037439e+02 1.929119344371479485e+02 2.704305201898983546e-02
2.514764759154797957e+02 1.931504120014457726e+02 3.196513927638819363e-02
2.514840986529238194e+02 1.946910984133172633e+02 3.153872082587100972e-02
2.515509285769400947e+02 1.953611926721004579e+02 2.909392170957248586e-02
2.515594528848223490e+02 1.954476622116091278e+02 2.541860077892436898e-02
2.515142809569642282e+02 1.952913209631371387e+02 2.592624179144482899e-02
2.514098409256123148e+02 1.950444246802876762e+02 2.295755715022518989e-02
2.514420944049838056e+02 1.950927074322705437e+02 2.304690196842879013e-02
2.514548097970654226e+02 1.951084158757619775e+02 2.601964773774859130e-02
2.515016873987256076e+02 1.952094770485345521e+02 2.743698144470570893e-02
2.515383025296766846e+02 1.964357306172508686e+02 2.503279360940882312e-02
2.516092057651774496e+02 1.973117078261999495e+02 2.049651352152601080e-02
2.516545401381595752e+02 1.975183380239362805e+02 2.441956326628410764e-02
2.516118658040830667e+02 1.983232414300044297e+02 1.796236958702388323e-02
2.516226684048294828e+02 1.992644281728578619e+02 1.998075025280522318e-02
2.516639781998643457e+02 2.001307845693376635e+02 1.728010006619638828e-02
2.516908060120940434e+02 2.006979982699594416e+02 2.083358715383959447e-02
2.515232073165283850e+02 2.000383045602407321e+02 1.771057964481373773e-02
2.514297323310469210e+02 1.964856743706266684e+02 3.194889476398753841e-02
2.512498446618501760e+02 1.907314903934014865e+02 3.782940825302452681e-02
2.511121358691017065e+02 1.900052835276583210e+02 3.339059523954564235e-02
2.511381311500708762e+02 1.899826752275247088e+02 2.757099867201111276e-02
2.511818248273005167e+02 1.900978650649577446e+02 2.941881195758557985e-02
2.512044209440498435e+02 1.901212734073270951e+02 3.032444352392207540e-02
2.513890438886113827e+02 1.923497971466513832e+02 2.651510536596855816e-02
2.514856012703208705e+02 1.927369119994151845e+02 4.473738715140291450e-02
2.512657074282093959e+02 1.937841023079390936e+02 1.414490917287004011e-02
2.511868890540414441e+02 1.935922343108468624e+02 1.378752990005563742e-02
2.511430613595844648e+02 1.934404943205123573e+02 1.322709422223305141e-02
2.511903247684141718e+02 1.934944667129635150e+02 1.597647794604385371e-02
2.512836373087716311e+02 1.936711095408082599e+02 2.080109812903828403e-02
2.514712654881273011e+02 1.942695573776483684e+02 2.571100200213615253e-02
2.515790437667775450e+02 1.951060035656704770e+02 2.357890974955022950e-02
2.516024236812501726e+02 1.956576712679247976e+02 2.548357882852698986e-02
2.516463447816534540e+02 1.959215268217205335e+02 2.489877638210341929e-02
2.516967027700954702e+02 1.962148783489077459e+02 3.045033849502714815e-02
2.517410746557178527e+02 1.963735628682935612e+02 3.250120818560980201e-02
2.517493268680173912e+02 1.967459195815413580e+02 3.062902813143434863e-02
2.517594593826273126e+02 1.970653760401564227e+02 3.339059523954564235e-02
2.517815803473889105e+02 1.973144612710518686e+02 3.396321430166871630e-02
2.517869613421216286e+02 1.973992210756303791e+02 3.425967665298066539e-02
2.517436940833424615e+02 1.975584457250535024e+02 3.213976778469523204e-02
2.516623618708804884e+02 1.981283154034527740e+02 2.708772442809163558e-02
2.516617039681282790e+02 1.985038113687220118e+02 2.794868358532633101e-02
2.516617486405373825e+02 1.986947696731197937e+02 2.703086863468934231e-02
2.516444604182149760e+02 1.987679268347161496e+02 2.592624179144482899e-02
2.514341711440604001e+02 1.980613352176967794e+02 1.706892140498787735e-02
2.514271697592157011e+02 1.981043588087898968e+02 2.108537709604973998e-02
2.514094307516741935e+02 1.955084491770123805e+02 1.518455796651193776e-02
2.513771447832779131e+02 1.916371219597379820e+02 3.422718762817935495e-02
2.511477072901310521e+02 1.904823483067126517e+02 2.738824790750374674e-02
2.511855976153055678e+02 1.903899982537149072e+02 2.569881861783566285e-02
2.512770217310964540e+02 1.909585927378907400e+02 2.439519649768312481e-02
2.513387183891941561e+02 1.911376884871079369e+02 2.907361606907166510e-02
2.515024102795274530e+02 1.932590999727904375e+02 2.280323428241896877e-02
2.515038438577468014e+02 1.934035258714165479e+02 2.383476081986054054e-02
2.515211198966848940e+02 1.938000747247570530e+02 2.411091753067166887e-02
2.515308097483319045e+02 1.941498231378712376e+02 2.889086530456430255e-02
2.515103091736822591e+02 1.942227325706534771e+02 2.554043462192927966e-02
2.515009157843865921e+02 1.942172825367430562e+02 2.536986724172240679e-02
2.515133265918606753e+02 1.942714092520620284e+02 2.867156438715546402e-02
2.515179725224072627e+02 1.943216616511734571e+02 3.037317706112403759e-02
2.515169369347417216e+02 1.943315504980973571e+02 3.112854688775448103e-02
2.515690655750354381e+02 1.948750959441513544e+02 3.471858412829915974e-02
2.516200855273577872e+02 1.954236853113057748e+02 3.558360441363402071e-02
2.516693632557251874e+02 1.958917628138744362e+02 3.453177223569162818e-02
2.516527410584112090e+02 1.966368985976924648e+02 2.361139877435153994e-02
2.517066809618375771e+02 1.967897188481016144e+02 2.783497199852174794e-02
2.516309855951786290e+02 1.973400504392110122e+02 2.496375443170604017e-02
2.516614359336736584e+02 1.976186072767293354e+02 2.424899588607723477e-02
2.516306403992901153e+02 1.979379825127824120e+02 1.999293363710571633e-02
2.516365696463163601e+02 1.981008702997518753e+02 2.174327984827625557e-02
2.516301611861742913e+02 1.981935086928446879e+02 2.310375776183107993e-02
2.516340070744851403e+02 1.982581618521992937e+02 2.223467634839605689e-02
2.513814942514731854e+02 1.975088715343348156e+02 1.734507811579900569e-02
2.514176789028456369e+02 1.975369989075565513e+02 1.802734763662650064e-02
2.514741895003594152e+02 1.977411233892550797e+02 1.944062021548345620e-02
2.515491335583198236e+02 1.979696999232446899e+02 2.300222955932699001e-02
2.514189419136847903e+02 1.975193573670894409e+02 2.029751824461798956e-02
2.513402210065912072e+02 1.972975994671799924e+02 1.853904977724712272e-02
2.512586979211085350e+02 1.959193135069059508e+02 2.046402449672470036e-02
2.513434983369680538e+02 1.908309961541116877e+02 2.599934209724777401e-02
2.513450659324147125e+02 1.870497528803551006e+02 4.840864695395086931e-02
2.513082152560338329e+02 1.868698773945426694e+02 4.541965667223041292e-02
2.513017418178421565e+02 1.867182673603073511e+02 3.674914817838099285e-02
2.512244260610712558e+02 1.862105166973281882e+02 3.067370054053614875e-02
2.512684608730613149e+02 1.896132871989181297e+02 1.850249962434565021e-02
2.513068141668392741e+02 1.896893602504903811e+02 2.118284417045366783e-02
2.514813127190471107e+02 1.902735697722113173e+02 2.892335432936560952e-02
2.514629401755219646e+02 1.945946303764259540e+02 4.885537104496887051e-02
2.514335173024362575e+02 1.946460361359178250e+02 4.904218293757640207e-02
2.513410048043145366e+02 1.941207860719550808e+02 3.521404175651912660e-02
2.513888245876939607e+02 1.941711318770127832e+02 4.220324321690079039e-02
2.514264793674386738e+02 1.944200099903751209e+02 3.757355718271421230e-02
2.514484257036919814e+02 1.947183039104602358e+02 3.220880696239801499e-02
2.514684267595852702e+02 1.948609104236975043e+02 3.085645130504351477e-02
2.515321580428611412e+02 1.951099672266962273e+02 3.066151715623565907e-02
2.515809687414970028e+02 1.953620658146419942e+02 3.193265025158688319e-02
2.516270990955867717e+02 1.957720691853783137e+02 3.574604953764056597e-02
2.516466980997981580e+02 1.958559680307996018e+02 3.681412622798360679e-02
2.516756539431523265e+02 1.960459394810690412e+02 3.631866859976363993e-02
2.517033183477706473e+02 1.962121452096963594e+02 3.881626238136429846e-02
2.516176975840348859e+02 1.959072275896798487e+02 3.092549048274629772e-02
2.516040724992588480e+02 1.958922135990935658e+02 3.027164885861994767e-02
2.516017089227045460e+02 1.959034710461872066e+02 3.074680084633909724e-02
2.516198459207998894e+02 1.960449932382217071e+02 3.108387447865268091e-02
2.516385311711887312e+02 1.960594102429772931e+02 3.332561718994302147e-02
2.516656838736664383e+02 1.964990679711009989e+02 2.790807230432469643e-02
2.514279941682200388e+02 1.995149185540759618e+02 2.370074359255514018e-02
2.514619248934969278e+02 1.997261418876935579e+02 3.012544824701405416e-02
2.514519629462672015e+02 2.002030320382395701e+02 1.410023676376823999e-02
2.513586828949345602e+02 1.999054447544438915e+02 1.358041236694729030e-02
2.513884590861649428e+02 1.941728944066082647e+02 3.037723818922420313e-02
2.512492639205318312e+02 1.921045496818106244e+02 3.124225847455906410e-02
2.514282378359060601e+02 1.877525798316256385e+02 3.768726876951879884e-02
2.514285099314887759e+02 1.878421398896185508e+02 4.310887478323728594e-02
2.514209399887100744e+02 1.879826508607561095e+02 4.190678086558884130e-02
2.513801378346877300e+02 1.904440965411371849e+02 2.818016788703565922e-02
2.514040091456604955e+02 1.905149754098693506e+02 3.156714872257215809e-02
2.514012638230647667e+02 1.907641174965581854e+02 3.006859245361176436e-02
2.514345610123580173e+02 1.910435474766180448e+02 3.438557162408573814e-02
2.514094185682899081e+02 1.909628447390116150e+02 3.334186170234367669e-02
2.513205001685368245e+02 1.907543707891178144e+02 2.685217899828214183e-02
2.513843329800151878e+02 1.909585440043535414e+02 3.369924097515807765e-02
2.514881597810239668e+02 1.915970995423108718e+02 3.353273472305137032e-02
2.515279791420460640e+02 1.920446927147422969e+02 3.627805731876200535e-02
2.515511884891385250e+02 1.923966097702619891e+02 3.436932711168508292e-02
2.515750882280079850e+02 1.927996036338974193e+02 2.974370220559867037e-02
2.515765746008926271e+02 1.931335989311110950e+02 3.180675528048181044e-02
2.515928312966775877e+02 1.934243716419547070e+02 3.177426625568050000e-02
2.515930343530826008e+02 1.935862319635148197e+02 3.367487420655709829e-02
2.515722332549535736e+02 1.936666707277947808e+02 3.454395561999212133e-02
2.516068056384702629e+02 1.937656972753891580e+02 3.695626571148933476e-02
2.516041131105398563e+02 1.940573999845677235e+02 3.690753217428737604e-02
2.516354447138326123e+02 1.943321677895685866e+02 3.931172000958426532e-02
2.516623781153928974e+02 1.946681124282703195e+02 4.113922765465791165e-02
2.515938100285497399e+02 1.953824729833453091e+02 3.043003285452633086e-02
2.516500810195055919e+02 1.958137972766074881e+02 3.027570998672010974e-02
2.516184773206301202e+02 1.963253004219511979e+02 2.688060689498328673e-02
2.514193967600320150e+02 1.955367511787424348e+02 2.374947712975710237e-02
2.513589712350296566e+02 1.907658597205131628e+02 4.281241243192533685e-02
2.512000755369826663e+02 1.887369526106961928e+02 4.304389673363467200e-02
2.511036399891161750e+02 1.884100967766826216e+02 3.807713706713451024e-02
2.511637284404862100e+02 1.884686216937340930e+02 3.097828514804842545e-02
2.512450241027952700e+02 1.887475887051905374e+02 3.178238851188083108e-02
2.513765802864719774e+02 1.912563465279385184e+02 2.886243740786315765e-02
2.512324386668128682e+02 1.915313214504725181e+02 1.667905310737216595e-02
2.513296701957869743e+02 1.917588705190527776e+02 2.362764328675219516e-02
2.514083504915995491e+02 1.919645301071731751e+02 2.918732765587624817e-02
2.514473941771545356e+02 1.920329276266361376e+02 3.545770944252894796e-02
2.514311334202414798e+02 1.919832437854587113e+02 3.369517984705791558e-02
2.513891251111733709e+02 1.918354349671251668e+02 3.121383057785791573e-02
2.514605684767114724e+02 1.920135194954454505e+02 3.395103091736822315e-02
2.515386720923337975e+02 1.924150554140929330e+02 3.438151049598557607e-02
2.515832632788736021e+02 1.928509850266206911e+02 3.629430183116266057e-02
2.516220632967425672e+02 1.935144677688568322e+02 3.549019846733025840e-02
2.516588814840986572e+02 1.943022697644951791e+02 3.537648688052567186e-02
2.516846818309190041e+02 1.947145108168147090e+02 3.301291032623041716e-02
2.516757107989457438e+02 1.949939570413869490e+02 3.277736489642092688e-02
2.516986155614306426e+02 1.954731092402847707e+02 3.268802007821732664e-02
2.516883937020025428e+02 1.958935212823418226e+02 3.296011566092828943e-02
2.516918984555529732e+02 1.965704626031019018e+02 2.928885585838034156e-02
2.516590358069664717e+02 1.971983617409243834e+02 2.691309591978459717e-02
2.516814694785917652e+02 1.977083013519495580e+02 2.557292364673059010e-02
2.516951311135207163e+02 1.982346276148588515e+02 2.718519150249556343e-02
2.517048047206552894e+02 1.988749944159488621e+02 2.655977777507035828e-02
2.516714587978248687e+02 1.994776901927817505e+02 2.454951936548934593e-02
2.515662755800306343e+02 1.991477844515649451e+02 2.146712313746512377e-02
2.512599731153319738e+02 1.982910569898106417e+02 1.506678525160719088e-02
2.513727181536487194e+02 1.939434000576680148e+02 3.215195116899572519e-02
2.513302712427458232e+02 1.887123909079463999e+02 4.358402677095643551e-02
2.511771179798324454e+02 1.882851561706810912e+02 3.551456523593123776e-02
2.511526374996446407e+02 1.880329682379171174e+02 2.979649687090079810e-02
2.511197707899300156e+02 1.878204697100760541e+02 2.821265691183696966e-02
2.514531528568005569e+02 1.900713662041041800e+02 3.909241909217542332e-02
2.515045383106519239e+02 1.902232239671535865e+02 5.081283478924775859e-02
2.514996487124193436e+02 1.905339652448657262e+02 4.352717097755414571e-02
2.514751804156158528e+02 1.905735612438423061e+02 4.132197841916527420e-02
2.514794649057615175e+02 1.905510219828863967e+02 4.463992007699899012e-02
2.514120542404268974e+02 1.903181041029577329e+02 3.970564943530013879e-02
2.513176127064575951e+02 1.899885516798856315e+02 3.096204063564777023e-02
2.512820656521968772e+02 1.899140624682724479e+02 3.107981335055251537e-02
2.513234688531780421e+02 1.900124717243955956e+02 3.188797784248508654e-02
2.513936045354678583e+02 1.902715960639546324e+02 3.642425793036789539e-02
2.514970455293071439e+02 1.909757672486263118e+02 4.093617124964972487e-02
2.515423880245454598e+02 1.911428379975389475e+02 4.196363665899113110e-02
2.515493934705182539e+02 1.912111055609026948e+02 4.124887811336232918e-02
2.515624134472073763e+02 1.913229124786283251e+02 4.414040132067886119e-02
2.515576334994334786e+02 1.917289643717231797e+02 4.306014124603532028e-02
2.515646267620219589e+02 1.918640943481280203e+02 4.073311484464154503e-02
2.515023046901968371e+02 1.933755609433188454e+02 3.146155939196790263e-02
2.515992316345634379e+02 1.943232698579011242e+02 3.037317706112403759e-02
2.515916738751690502e+02 1.946068665553917469e+02 2.926448908977935873e-02
2.516225953045236849e+02 1.947798827958430365e+02 3.188797784248508654e-02
2.516017129838326412e+02 1.952902041529095811e+02 3.349618457014989781e-02
2.516511572184521413e+02 1.957447784045452011e+02 3.373579112805955016e-02
2.516823182543647022e+02 1.959320532657561671e+02 3.715932211649752154e-02
