2.511566294524189402e+02 2.872515151515151643e+01 4.990536948431685271e-01
2.521987347155768191e+02 1.946093567251461991e+02 7.944976076555023692e-01
2.519862519936204137e+02 1.927598724082934609e+02 6.459542796384901697e-01
2.519622700691121793e+02 1.927514566719829929e+02 5.886071238702818009e-01
2.518814247740563417e+02 1.925962307283359962e+02 4.743115364167995729e-01
2.515915683147262030e+02 1.882255130249866966e+02 1.648165869218500834e-01
2.512667889420521021e+02 1.862383040935672511e+02 4.337586390217969268e-02
2.511949654439128210e+02 1.813018500797448098e+02 2.807549175970228475e-02
2.511881499202551709e+02 1.748382137161084415e+02 4.942052099946836474e-02
2.511189792663476794e+02 1.746237692716640026e+02 4.420520999468367795e-02
2.510103296119085599e+02 1.729847155768208324e+02 2.943115364167995726e-02
2.512386815523657617e+02 1.760359808612440133e+02 4.576820839978734679e-02
2.512614619883040916e+02 1.860237320574162538e+02 2.083997873471557516e-02
2.514575013290802872e+02 1.944034715576820815e+02 2.396065922381711982e-02
2.514903455608718730e+02 2.002872886762360451e+02 1.621477937267410893e-02
2.515352472089314233e+02 2.008061509835194158e+02 2.702817650186071369e-02
2.514514407230196582e+02 2.016975066454013756e+02 1.289739500265816088e-02
2.512891174906964409e+02 1.997819404572036035e+02 7.522594364699627771e-03
2.513099840510366789e+02 1.887697448165869218e+02 2.811270600744284962e-02
2.512020095693779922e+02 1.714618553960659142e+02 6.707070707070707238e-02
2.510810685805422509e+02 1.513435566188197754e+02 8.015948963317384712e-02
2.510376395534290168e+02 1.449879851143008977e+02 1.256884635832004327e-01
2.510136416799574590e+02 1.585191015417331073e+02 7.959064327485379509e-02
2.511794152046783495e+02 1.822067517278043454e+02 3.351940457203615026e-02
2.513897182349813875e+02 2.001913450292397556e+02 1.888888888888888909e-02
2.514143115364167897e+02 2.086570228601807457e+02 1.457203615098351911e-02
2.513701010101010240e+02 2.131957628920786760e+02 3.758639021796916519e-03
2.515102232854864326e+02 2.151918607123870402e+02 3.094098883572567963e-03
2.513381765018607155e+02 2.181409569377990465e+02 2.472089314194577270e-03
2.514219564061669416e+02 2.230058692185008056e+02 1.897926634768740042e-03
2.516075438596491267e+02 2.259566879319510804e+02 2.551834130781499457e-04
2.516062041467304766e+02 2.265616161616161719e+02 1.073896863370547546e-03
2.514531047315257979e+02 2.262023444976076689e+02 7.230196703880914857e-04
2.512235300372142603e+02 2.208853482190324371e+02 2.349813928761297112e-03
2.512153003721424795e+02 2.122637692716640174e+02 3.551302498670919766e-03
2.512802977139819234e+02 1.978945082402977107e+02 1.021265284423179126e-02
2.511541414141414066e+02 1.829140510366826220e+02 3.958532695374800819e-02
2.510064433811802189e+02 1.632083678894205150e+02 4.620946305156831135e-02
2.510112918660286994e+02 1.616160765550239375e+02 5.066454013822434960e-02
2.511837480063795738e+02 1.775965603402445367e+02 4.101541733120680350e-02
2.511831738437001604e+02 1.955246836788942062e+02 1.766081871345029364e-02
2.513364221158958003e+02 2.132660233918128654e+02 4.534821903242955768e-03
2.513490696438064731e+02 2.217747846889952257e+02 1.459330143540669804e-02
2.514541414141414180e+02 2.246138171185539534e+02 7.070707070707070701e-04
2.513251515151515036e+02 2.210313450292397590e+02 9.888357256778309515e-04
2.511878415736310615e+02 2.197187506645401243e+02 3.402445507708665401e-04
2.513330143540669894e+02 2.161564699627857635e+02 4.412546517809675501e-04
2.513047421584263645e+02 2.106848006379585456e+02 6.007442849548112187e-04
2.513484635832004130e+02 2.064007177033492724e+02 1.924508240297713923e-03
2.513326953748006360e+02 2.010255289739500313e+02 3.577884104199893864e-03
2.512663317384370032e+02 1.940906592238171129e+02 8.713450292397660960e-03
2.511757628920786942e+02 1.910716746411483200e+02 2.148325358851674652e-02
2.511188569909622572e+02 1.826659542796384983e+02 3.057416267942583699e-02
2.510312812333864940e+02 1.624078628389154630e+02 5.822966507177033263e-02
2.509703934077618328e+02 1.452938862307283330e+02 9.971291866028708650e-02
2.508491334396597665e+02 1.300553694843168557e+02 1.412493354598617634e-01
2.508861935140882622e+02 1.424078628389154630e+02 1.121690590111642793e-01
2.510301754385965012e+02 1.585596225412014917e+02 7.902711323763955686e-02
2.512560818713450317e+02 1.695735778841041963e+02 6.685273790536948313e-02
2.512559649122806888e+02 1.840327804359383208e+02 6.765550239234449648e-02
2.512042105263157907e+02 1.864471238702817573e+02 1.652844231791600338e-02
2.513680861244019127e+02 1.890955768208399661e+02 2.223817118553960553e-02
2.511773046251993549e+02 1.886217171717171652e+02 1.894205209994683642e-02
2.513819351408825185e+02 1.900221105794790049e+02 1.686868686868686976e-02
2.512886709197235575e+02 1.965516374269005837e+02 2.052631578947368418e-02
2.514797129186602831e+02 2.001735140882509256e+02 1.513024986709197300e-02
2.514624401913875715e+02 2.044677937267410925e+02 1.062200956937799090e-02
2.514277777777777771e+02 2.089419776714513546e+02 5.826687931951089749e-03
2.514405475810739006e+02 2.095107761828814432e+02 1.046783625730994191e-02
2.514044922913344067e+02 2.066100478468899553e+02 7.527910685805422504e-03
2.513092450824029811e+02 2.042225571504518769e+02 1.298245614035087661e-02
2.513997926634768874e+02 2.044745241892610181e+02 9.968102073365231811e-03
2.513479372674109413e+02 2.040090643274853903e+02 6.214779372674109591e-03
2.513516905901116445e+02 2.121916693248272168e+02 2.865497076023391845e-03
2.514909303561935019e+02 2.149723710792131897e+02 2.449760765550239305e-02
2.513547581073896993e+02 2.145316374269005735e+02 1.760233918128654984e-02
2.513205209994683571e+02 2.096026049973418424e+02 2.892078681552365943e-03
2.512912227538543277e+02 2.035000000000000000e+02 1.048378522062732611e-02
2.513028282828282727e+02 1.997979797979797922e+02 1.028176501860712452e-02
2.512765656565656514e+02 1.966026156299840579e+02 1.855396065922381571e-02
2.514283678894205138e+02 1.981425093035619227e+02 1.252525252525252611e-02
2.514012652844231752e+02 1.980384742158426263e+02 1.365762892078681637e-02
2.514264167995746959e+02 1.987882562466772924e+02 9.712918660287081160e-03
2.514446730462520065e+02 1.988708718766613401e+02 1.248272195640616651e-02
2.515145454545454413e+02 1.996223179160021175e+02 1.232854864433811752e-02
2.513419191919192031e+02 2.029383200425305631e+02 7.511961722488038305e-03
2.511942583732057415e+02 2.016886390217969165e+02 3.790536948431685350e-03
2.512131419457735149e+02 2.014432748538011708e+02 8.224348750664540325e-03
2.514396757044125366e+02 2.032698617756512363e+02 3.880914407230196678e-03
2.512702764486975013e+02 1.971228495481126970e+02 8.936735778841041478e-03
2.514888888888888800e+02 2.001295906432748666e+02 1.107921318447634314e-02
2.513277246145667334e+02 1.995177299308878389e+02 8.203083466241361393e-03
2.511491334396597495e+02 1.959574641148325327e+02 1.099415204678362568e-02
2.512404093567251380e+02 1.914448803827751249e+02 3.898458266879319817e-02
2.510560340244550730e+02 1.898162679425837212e+02 2.437001594896331599e-02
2.511367145135566261e+02 1.898458160552897311e+02 2.020202020202020374e-02
2.513035513024986756e+02 1.907304146730462548e+02 2.011164274322169154e-02
2.513917862838915482e+02 1.924019936204146859e+02 2.047846889952152985e-02
2.513167038809144174e+02 1.921344338118022392e+02 1.678894205209994703e-02
2.514431472620946408e+02 1.929934449760765460e+02 1.792131844763423729e-02
2.515314035087719162e+02 1.936112599681020754e+02 2.255183413078149998e-02
2.514825465178096806e+02 1.977058001063264214e+02 1.070175438596491189e-02
2.514787187666134969e+02 1.977464859117490619e+02 1.592769803296118988e-02
2.514018234981392936e+02 1.975522488038277515e+02 1.269005847953216456e-02
2.514012759170653908e+02 2.010285114300903899e+02 7.155768208399787729e-03
2.514930515683147121e+02 2.012408984582668836e+02 1.584795321637427062e-02
2.515282296650717626e+02 2.016132589048378634e+02 1.387559808612440215e-02
2.513950664540138291e+02 2.049451355661881848e+02 2.083997873471557863e-03
2.514891440723019684e+02 2.051992450824029675e+02 8.740031897926634624e-03
2.514816161616161594e+02 2.060215151515151604e+02 6.326422115895799850e-03
2.512698511430090491e+02 2.046740191387559946e+02 4.805954279638489750e-03
2.513783040935672375e+02 2.008544338118022381e+02 8.133971291866028130e-03
2.513461935140882417e+02 1.946944444444444571e+02 1.909622541201488541e-02
2.512884635832004392e+02 1.900874481658692048e+02 2.488038277511961729e-02
2.512000053163210964e+02 1.844068155236576274e+02 4.044657097288676534e-02
2.510846570972886695e+02 1.831091068580542185e+02 2.759170653907495885e-02
2.511355927698033099e+02 1.832409569377990408e+02 3.003189792663476729e-02
2.512001860712387042e+02 1.871771557682083937e+02 1.796916533758639162e-02
2.514077033492822864e+02 1.977515895800106307e+02 1.752259436469962711e-02
2.513838490164805819e+02 2.039137107921318375e+02 1.861244019138755951e-02
2.513128123338649687e+02 2.061799574694311445e+02 1.648059542796384992e-03
2.511605528973950072e+02 2.056103083466241230e+02 9.888357256778309515e-04
2.510261616161616303e+02 2.047670441254651905e+02 2.046783625730994299e-03
2.510944391281233266e+02 2.048470441254651746e+02 3.657628920786815726e-03
2.510898511430090423e+02 2.047664008506113760e+02 3.620414673046252162e-03
2.511482083997873360e+02 2.048763689526847429e+02 3.843700159489633113e-03
2.511832270069112099e+02 2.050271504518872803e+02 3.748006379585327053e-03
2.511908984582668722e+02 2.030685007974481664e+02 2.663476874003189825e-03
2.514070228601807457e+02 1.990870228601807526e+02 2.547581073896863432e-02
2.512058426368952553e+02 1.974433227006911125e+02 1.261562998405103657e-02
2.511633120680489242e+02 1.927281180223285446e+02 2.861244019138756145e-02
2.513835672514619830e+02 1.949201275917065459e+02 3.374800637958532551e-02
2.513349813928761307e+02 1.985239447102605084e+02 2.056353003721424905e-02
2.513956725146198892e+02 1.995062360446571006e+02 3.529505582137160841e-02
2.513327538543327933e+02 2.039751355661881860e+02 4.848484848484848481e-03
2.512883413078149886e+02 2.039168474215842650e+02 6.326422115895799850e-03
2.512818607123870152e+02 2.038004253056884636e+02 4.843168527379053748e-03
2.513235194045720391e+02 1.992099787347155768e+02 5.103668261562998264e-03
2.511358479532163699e+02 1.909500850611376848e+02 1.734715576820839919e-02
2.512563157894736889e+02 1.834602286018075574e+02 2.084529505582137163e-02
2.512545826687932049e+02 1.835002232854864417e+02 2.911749069643806628e-02
2.512386443381180356e+02 1.834413875598086179e+02 2.575757575757575690e-02
2.511914141414141284e+02 1.869365869218500791e+02 2.136629452418926239e-02
2.512454758107389807e+02 1.936816640085061181e+02 2.150451887293992545e-02
2.514043221690590144e+02 1.948520733652312629e+02 3.317916002126528735e-02
2.514004997341839385e+02 1.949603455608718718e+02 3.118022328548644348e-02
2.511473950026581576e+02 1.935416693248272111e+02 1.446570972886762445e-02
2.511065178096756938e+02 1.908300212652844152e+02 1.603402445507708801e-02
2.510696331738436982e+02 1.902199255715045183e+02 9.362041467304625317e-03
2.513479851143009114e+02 1.923280276448697634e+02 1.550239234449760778e-02
2.514277777777777771e+02 1.937050558213716158e+02 3.846358320042530393e-02
2.514602817650186068e+02 1.959931578947368394e+02 6.400850611376926978e-03
2.513750717703349267e+02 1.958227591706539101e+02 7.267410951621477988e-03
2.511857735247209007e+02 1.932889101541733226e+02 1.673577884104199970e-02
2.510668261562998396e+02 1.925043593833067632e+02 1.646996278575225958e-02
2.512821424774056425e+02 1.865679372674109402e+02 2.127591706539075020e-02
2.511411270600744388e+02 1.835632270069112053e+02 3.945773524720893460e-02
2.513040191387559901e+02 1.847430196703880938e+02 4.723019670388091396e-02
2.512953163211057870e+02 1.879620255183413065e+02 2.558745348219032545e-02
2.514356512493354501e+02 1.888557363104731621e+02 4.956406166932482427e-02
2.513994896331738573e+02 1.910832589048378622e+02 2.629984051036682660e-02
2.514643593833067428e+02 1.923947155768208290e+02 2.145135566188197812e-02
2.514546677299308897e+02 1.992322860180754844e+02 1.021796916533758599e-02
2.515847793726741202e+02 2.050387878787878719e+02 1.515151515151515194e-02
2.514812014885699227e+02 2.074879585326953872e+02 7.894736842105263414e-03
2.514486124401913969e+02 2.073998139287612901e+02 8.139287612971822863e-03
2.513662094630515753e+02 2.072115948963317464e+02 5.518341307814991770e-03
2.513664752791068508e+02 2.024842849548112724e+02 5.863902179691653747e-03
2.513780701754386087e+02 1.965558001063264157e+02 1.207868155236576334e-02
2.511954279638490277e+02 1.959608878256246669e+02 1.055821371610845237e-02
2.513698830409356617e+02 2.017713290802764448e+02 5.863902179691653747e-03
2.513748963317384266e+02 2.059306698564593319e+02 1.263157894736842077e-02
2.513523870281765085e+02 2.057454066985645795e+02 1.271664008506113823e-02
2.513063264221158875e+02 2.027592557150451853e+02 4.226475279106857788e-03
2.513103083466241401e+02 1.988871345029239706e+02 5.486443381180223372e-03
2.511691866028708091e+02 1.965677565124933608e+02 1.716108452950558180e-02
2.512385326953748006e+02 1.927810792131844835e+02 1.385433280170122322e-02
2.511276820839978825e+02 1.902311217437533344e+02 9.920255183413077479e-03
2.511049707602339254e+02 1.887604253056884716e+02 8.075491759702286068e-03
2.512683306751727912e+02 1.895995534290271110e+02 1.393407761828814422e-02
2.512413290802764436e+02 1.941455874534821930e+02 1.031366294524189292e-02
2.513487878787878742e+02 1.944761190855927566e+02 1.231791600212652806e-02
2.513413981924508107e+02 1.979600425305688418e+02 9.760765550239233757e-03
2.513353960659223958e+02 1.979922009569378076e+02 1.267410951621477863e-02
2.512114194577352464e+02 1.910632961190856065e+02 1.916533758639021867e-02
2.511709090909090776e+02 1.694518128654970894e+02 7.281765018607123940e-02
2.509684582668793098e+02 1.503243487506645408e+02 1.334290271132376471e-01
2.509334343434343566e+02 1.461281446039340892e+02 1.056459330143540709e-01
2.510125146198830350e+02 1.468369059011164381e+02 1.300425305688463484e-01
2.510607814992025624e+02 1.592769696969697009e+02 6.241360978203083776e-02
2.512736416799574783e+02 1.763812706007442728e+02 6.498670919723550932e-02
2.513674481658692059e+02 1.855325412014885558e+02 5.499734183944710031e-02
2.513704146730462412e+02 1.935896491228070317e+02 3.458798511430090372e-02
2.514010419989367335e+02 2.049698883572567922e+02 1.443381180223285432e-02
2.514916586921850126e+02 2.151504040404040268e+02 1.551302498670919724e-02
2.514057150451887424e+02 2.177345507708665480e+02 2.251461988304093512e-02
2.513823551302498629e+02 2.123992769803296028e+02 8.926103136629452012e-03
2.514214194577352544e+02 2.042740031897926656e+02 1.191387559808612488e-02
2.511974694311536496e+02 2.028782562466772958e+02 9.261031366294523656e-03
2.514560446570972942e+02 2.041823817118553848e+02 8.649654439128124164e-03
2.514187931951089752e+02 2.126321158958000979e+02 1.228070175438596536e-03
2.514033599149388749e+02 2.176283359914938842e+02 8.575225943646996168e-03
2.513731153641680010e+02 2.174730303030302991e+02 7.490696438064859373e-03
2.513169431153641540e+02 2.122836310473152537e+02 1.493886230728336002e-03
2.513266241360978199e+02 2.083129133439659881e+02 2.472089314194577270e-03
2.513103721424774051e+02 2.027912865497075927e+02 5.412014885699096244e-03
2.512949601275917075e+02 1.993909356725146154e+02 7.958532695374800209e-03
2.515394471026050098e+02 2.008117065390749474e+02 1.106326422115895720e-02
2.515161562998405032e+02 2.014750824029771366e+02 9.005847953216374741e-03
2.515104891015417365e+02 2.016506698564593307e+02 9.106858054226474666e-03
2.514034396597554633e+02 2.014240404040403973e+02 7.490696438064859373e-03
2.513132216905900975e+02 1.980811961722488093e+02 4.237107921318447254e-03
2.514642796384901544e+02 2.011786762360446517e+02 1.437001594896331752e-02
2.515476661350345466e+02 2.028951143009037708e+02 1.830940988835725799e-02
2.513645507708665718e+02 2.022726475279106921e+02 9.074960127591706269e-03
2.513444550770866499e+02 2.021714460393407649e+02 8.415736310473152446e-03
2.512298405103668131e+02 2.012465337586390319e+02 5.108984582668792997e-03
2.512538277511961837e+02 1.990226581605529077e+02 3.498139287612972003e-03
2.514033811802232776e+02 1.999625837320574249e+02 4.237107921318447254e-03
2.514219564061669416e+02 2.025198670919723440e+02 6.496544391281233038e-03
2.514616161616161492e+02 2.025695321637426787e+02 9.723551302498670626e-03
2.513515523657628989e+02 2.022637214247740474e+02 7.884104199893673948e-03
2.512005316321105681e+02 2.015228920786815650e+02 2.663476874003189825e-03
2.512360818713450215e+02 2.016165284423179287e+02 3.120680489101541628e-03
2.514301807549175862e+02 2.062846836788941971e+02 1.807549175970228498e-03
2.512429346092503977e+02 2.056049548112706020e+02 8.984582668793195158e-04
2.513835140882509336e+02 2.009774428495481118e+02 2.200956937799042855e-03
2.512596597554492348e+02 1.986398139287612992e+02 9.202551834130781594e-03
2.512521318447634258e+02 1.911115789473684288e+02 3.390749601275917097e-02
2.513711004784688896e+02 1.915567410951621525e+02 3.838383838383838120e-02
2.512984316852737834e+02 1.964262254120148725e+02 1.081871345029239775e-02
2.514657788410420096e+02 1.979404412546517733e+02 2.000531632110579341e-02
2.515406273258904832e+02 2.005982881446039414e+02 8.697501329080276761e-03
2.514244603934077702e+02 2.045841148325358745e+02 4.391281233386496244e-03
2.515299893673577856e+02 2.050538543328017056e+02 1.449229133439659811e-02
2.512818500797448280e+02 2.088493779904306109e+02 1.541733120680489032e-03
2.514103508771929683e+02 2.096993088782562609e+02 1.993620414673046102e-03
2.513516321105794873e+02 2.053726900584795203e+02 2.360446570972886578e-03
2.512788197767145277e+02 2.009369324827219430e+02 1.036150983519404552e-02
2.512580701754386041e+02 1.927642955874534891e+02 5.311004784688995450e-03
2.512245614035087726e+02 1.802721105794790049e+02 2.578947368421052530e-02
2.511963955342902750e+02 1.748837214247740519e+02 3.490696438064859464e-02
2.510954013822434945e+02 1.676549654439128005e+02 4.883040935672514765e-02
2.510569696969697020e+02 1.676125358851674605e+02 4.990962254120148711e-02
2.512652631578947364e+02 1.785143540669856463e+02 7.177033492822966487e-02
2.515551727804359246e+02 1.908940457203615040e+02 1.660074428495481036e-01
2.515521477937267321e+02 2.030017650186071307e+02 4.525252525252525249e-02
2.513466879319510952e+02 2.017329186602870834e+02 3.611376927166400769e-02
2.512876980329612024e+02 1.956355980861243893e+02 2.727804359383306787e-02
2.514220255183413144e+02 1.963272036150983411e+02 3.909090909090909283e-02
2.513469696969696940e+02 1.924638171185539477e+02 2.387028176501860763e-02
2.513327325890483905e+02 1.925128442317916040e+02 2.862307283359915092e-02
2.512661456671982876e+02 1.924600744284954885e+02 2.472089314194577184e-02
2.512450239234449896e+02 1.923009090909091015e+02 2.265816055289739464e-02
2.511192716640084939e+02 1.905862413609781925e+02 1.710792131844763447e-02
2.511153748006379658e+02 1.879045507708665639e+02 1.099946836788942041e-02
2.510979744816586958e+02 1.855844284954811201e+02 2.447634237107921412e-02
2.512988729399255590e+02 1.869100212652844277e+02 4.301435406698564390e-02
2.514314513556618920e+02 1.910370972886762502e+02 1.971823498139287784e-02
2.510433067517278118e+02 1.893259968102073287e+02 1.388623072833599162e-02
2.509717278043593751e+02 1.889067729930887936e+02 1.260499734183944710e-02
2.510464433811802110e+02 1.883122169059011242e+02 1.061669324827219617e-02
2.513115417331206913e+02 1.894092238171185443e+02 1.908559276980329594e-02
2.513226581605528906e+02 1.936791440723019662e+02 3.303561935140882783e-02
2.512904412546517676e+02 1.937053322700691069e+02 3.087719298245614197e-02
2.513271026049973500e+02 1.972205369484316861e+02 1.346624136097820251e-02
2.515798245614035125e+02 1.980774694311536450e+02 3.259436469962785632e-02
2.513463317384370157e+02 2.023328229665071660e+02 4.715576820839978422e-03
2.514210260499734204e+02 2.025948378522062683e+02 1.240297713981924552e-02
2.514114194577352350e+02 2.031555715045188606e+02 7.884104199893673948e-03
2.514369643806485897e+02 2.033312121212121326e+02 8.357256778309410383e-03
2.514915895800106398e+02 2.047573312068048779e+02 8.256246677299308723e-03
2.514078149920255214e+02 2.043245720361509825e+02 7.458798511430090108e-03
2.512022753854332677e+02 2.021723657628920705e+02 4.348750664540138380e-03
2.512529665071770353e+02 2.022891600212652747e+02 8.442317916002126110e-03
2.512379479000531717e+02 1.987944976076555008e+02 7.091972355130250066e-03
2.511967836257310012e+02 1.984495427963848897e+02 5.677830940988835493e-03
2.513558426368952610e+02 2.028903136629452320e+02 4.157363104731525393e-03
2.514344976076555156e+02 2.097993620414673046e+02 2.987772461456672003e-03
2.514315789473684220e+02 2.099494736842105169e+02 7.161084529505582462e-03
2.513608931419457804e+02 2.097691759702285879e+02 6.198830409356725392e-03
2.513721690590111564e+02 2.069863955342902671e+02 2.721956406166932321e-03
2.512830834662413508e+02 2.042841201488569993e+02 3.046251993620414499e-03
2.513788676236044637e+02 2.009575863902179833e+02 9.011164274322169473e-03
2.512631472620946340e+02 2.001655927698032826e+02 5.667198298777246027e-03
2.513411908559276924e+02 2.005813981924508198e+02 7.634237107921318030e-03
2.514813237639553449e+02 2.014392610313662999e+02 1.134502923976608152e-02
2.514611642743221580e+02 2.014953535353535301e+02 1.033492822966507185e-02
2.515183838383838406e+02 2.019824667729930923e+02 1.124401913875598159e-02
2.515077086656033885e+02 2.043401648059542879e+02 6.576289207868154900e-03
2.514815683147262177e+02 2.042308931419457849e+02 5.608718766613503097e-03
2.514168155236576183e+02 2.040523551302498788e+02 3.147262094630515726e-03
2.514543115364168102e+02 2.048986656034024350e+02 6.315789473684210384e-03
2.512695427963849113e+02 2.029831791600212512e+02 5.295055821371611252e-03
2.512820627325890541e+02 1.983741254651781105e+02 1.229133439659755439e-02
2.512244869750132921e+02 1.944903987240829224e+02 1.510898458266879234e-02
2.512014779372674127e+02 1.929845348219032530e+02 2.214247740563530034e-02
2.514079000531632175e+02 1.949506432748538032e+02 1.175438596491228116e-02
2.515939925571504432e+02 1.958833014354067075e+02 2.609782030834662328e-02
2.514980063795853198e+02 1.970536629452418822e+02 1.808080808080807927e-02
2.512901382243487376e+02 1.969112652844231661e+02 8.123338649654438665e-03
2.513961988304093609e+02 1.994881552365762900e+02 6.927166400850611611e-03
2.514019723551302548e+02 1.994893301435406840e+02 6.847421584263689749e-03
2.512916959064327500e+02 1.992095427963849090e+02 7.347155768208399849e-03
2.511518926103136664e+02 1.977479904306219964e+02 1.014885699096225447e-02
2.512040935672514479e+02 1.978132110579479104e+02 1.375863902179691629e-02
2.514627698032961121e+02 2.002828708133971247e+02 9.819245082402977554e-03
2.515402977139819143e+02 2.004677086656033964e+02 1.532695374800637986e-02
2.515188623072833707e+02 2.017497235513025089e+02 8.288144603934077120e-03
2.515097076023391764e+02 2.046698830409356731e+02 1.510366826156299760e-02
2.511739500265815934e+02 2.035848644338118163e+02 8.410419989367357713e-03
2.512149867091972339e+02 2.036043965975544836e+02 1.055289739500265764e-02
2.512417171717171698e+02 1.980255608718766496e+02 7.852206273258905550e-03
2.510713343965975639e+02 1.965828335991493816e+02 1.340244550770866572e-02
2.510640350877193043e+02 1.965919989367357914e+02 1.460925039872408224e-02
2.510653003721424739e+02 1.964781605528974069e+02 9.829877724614567019e-03
2.510919510898458213e+02 1.964560978203083437e+02 9.595959595959595301e-03
2.511194364699627783e+02 1.964812493354598644e+02 1.077086656034024516e-02
2.513320520999468499e+02 1.988085539606592249e+02 7.272727272727272721e-03
2.511459595959595958e+02 1.983645454545454641e+02 6.533758639021797036e-03
2.512654439128123443e+02 1.986440935672514740e+02 9.744816586921849558e-03
2.511638968633705531e+02 1.973573896863370578e+02 7.947900053163210743e-03
2.512579479000531535e+02 1.930040723019670281e+02 2.292397660818713476e-02
2.512882828282828314e+02 1.931207070707070841e+02 2.639553429027113179e-02
2.513743009037745821e+02 1.942795055821371477e+02 1.812333864965444061e-02
2.513401913875597984e+02 1.906023179160021357e+02 1.923976608187134493e-02
2.512252365762892055e+02 1.901779372674109538e+02 2.098351940457203468e-02
2.511120361509835277e+02 1.886647581073896731e+02 1.194577352472089328e-02
2.510948219032429449e+02 1.836577618288144720e+02 3.224348750664540048e-02
2.510790430622009524e+02 1.758389367357788444e+02 4.496544391281233344e-02
2.513102073365231206e+02 1.791408718766613504e+02 6.175970228601807693e-02
2.511851143009037628e+02 1.785134556087187718e+02 4.427432216905900775e-02
2.511845348219032417e+02 1.824274056353003743e+02 2.182349813928761290e-02
2.512757894736841990e+02 1.854399734183944588e+02 4.408825093035619036e-02
2.513192610313662954e+02 1.911445135566188185e+02 3.701222753854332970e-02
2.514280329611908655e+02 1.982583625730994186e+02 1.940988835725677986e-02
2.513718341307815081e+02 1.981415789473684299e+02 1.853801169590643325e-02
2.512850717703349233e+02 2.022920202020202112e+02 8.219032429558745592e-03
2.512884210526315769e+02 2.022909888357256705e+02 9.245082402977139457e-03
2.513184370015949014e+02 2.023240510366826186e+02 9.420520999468367379e-03
2.512760499734183952e+02 2.019924029771398182e+02 6.363636363636363848e-03
2.511610101010101062e+02 2.005504306220095714e+02 4.231791600212652521e-03
2.511397022860180641e+02 1.992607974481658744e+02 3.694843168527378856e-03
2.511863849016480685e+02 1.962953641679957570e+02 1.034024455077086659e-02
2.511975013290802679e+02 1.963892131844763469e+02 1.071238702817650136e-02
2.512239978734715464e+02 1.963614407230196832e+02 9.771398192450823222e-03
2.512382562466773095e+02 1.918489261031366198e+02 1.164274322169059003e-02
2.515113503455608850e+02 1.934170069112174417e+02 2.770334928229664997e-02
2.514860659223816981e+02 1.935585805422647638e+02 2.058479532163742798e-02
2.514807283359915004e+02 1.939774587985114351e+02 1.871876661350345417e-02
2.513781339712918736e+02 1.973352897395002685e+02 1.294524189261031348e-02
2.511265231259968118e+02 1.958050558213716101e+02 1.381180223285486362e-02
2.512043806485911830e+02 1.959419245082403052e+02 1.335459861775651312e-02
2.513482881446039414e+02 1.977734609250398705e+02 1.124933545986177633e-02
2.514426315789473563e+02 2.016982030834662396e+02 1.397660818713450208e-02
2.513261137692716716e+02 2.008457735247208973e+02 9.659755449229133831e-03
2.514571557682083949e+02 2.024579160021265238e+02 1.048378522062732611e-02
2.514337852206273283e+02 2.023752472089314267e+02 1.191919191919191962e-02
2.512524455077086714e+02 2.005307708665603457e+02 5.194045720361509591e-03
2.513213343965975639e+02 2.007361881977671487e+02 9.909622541201488014e-03
2.512952631578947376e+02 2.032339340776183008e+02 5.709728867623604757e-03
2.514387666135034465e+02 2.038646305156831602e+02 7.070707070707071135e-03
2.513831472620946386e+02 2.037461350345560902e+02 5.688463583200424958e-03
2.511744763423710651e+02 2.015613078149920341e+02 2.340244550770866419e-02
2.513553588516746515e+02 2.022817597022860241e+02 3.118022328548644348e-02
2.512351143009037742e+02 1.998302073365231308e+02 1.727804359383306593e-02
2.513074534821903114e+02 1.960181552365762911e+02 1.585326953748006362e-02
2.511547634237107900e+02 1.953245614035087669e+02 1.717703349282296774e-02
2.512240031897926542e+02 1.894719510898458168e+02 2.032429558745348086e-02
2.510367357788410345e+02 1.880096331738436959e+02 1.724082934609250453e-02
2.513507921318447700e+02 1.912436469962785850e+02 2.329080276448697653e-02
2.513665975544923015e+02 2.000997501329080137e+02 1.687400318979266275e-02
2.514528335991493861e+02 2.084552578415736264e+02 1.244019138755980865e-02
2.514441733120680453e+02 2.084054864433811929e+02 1.096225412014885728e-02
2.513210366826156417e+02 2.078135194045720482e+02 5.773524720893141553e-03
2.512822169059011230e+02 2.057064593301435309e+02 4.375332270069112045e-03
2.512552737905369611e+02 2.011611376927166361e+02 2.668793195108984558e-03
2.512131100478468966e+02 1.969892982456140373e+02 1.665603402445507697e-02
2.514571132376395610e+02 1.984679372674109459e+02 2.995215311004784803e-02
2.514217065390749610e+02 1.984121424774056379e+02 2.097288676236044522e-02
2.514294524189261040e+02 1.989232908027644839e+02 1.213716108452950540e-02
2.515693779904306098e+02 2.003682775119617361e+02 1.135034556087187625e-02
2.516461137692716648e+02 2.010062626262626395e+02 1.546517809675704465e-02
2.516104253056884659e+02 2.009860340244550798e+02 1.620946305156831593e-02
2.515975385433280280e+02 2.010224774056352999e+02 1.431685273790537019e-02
2.515020520999468374e+02 2.008695800106326317e+02 1.279106858054226449e-02
2.513709728867623596e+02 2.004360021265284502e+02 6.517809675704412838e-03
2.514891174906964295e+02 2.022764221158957980e+02 6.055289739500265868e-03
2.516172886762360577e+02 2.032467836257309841e+02 2.396065922381711982e-02
2.515767517278043499e+02 2.032207336523125889e+02 1.921850079744816600e-02
2.515437480063795874e+02 2.033764061669324690e+02 1.423179160021265273e-02
2.514893779904306257e+02 2.032590802764486853e+02 1.148856990962254104e-02
2.512819883040935736e+02 1.980976555023923424e+02 8.155236576289207062e-03
2.512370600744284843e+02 1.924551196172248808e+02 1.123870281765018686e-02
2.510085167464114875e+02 1.914479213184476407e+02 1.106326422115895720e-02
2.511875544922913264e+02 1.883398298777246112e+02 1.215842636895268433e-02
2.510373312068048790e+02 1.870872089314194682e+02 1.965975544922913404e-02
2.513272567783094189e+02 1.903306166932482597e+02 1.276448697501329083e-02
2.512513769271664046e+02 1.945272461456671920e+02 3.125465178096756974e-02
2.512875598086124285e+02 1.990282775119617327e+02 2.392344497607655496e-02
2.514927538543327898e+02 2.009901594896331858e+02 2.732589048378522220e-02
2.514515948963317271e+02 2.010119776714513478e+02 1.954811270600744291e-02
2.514529452418926212e+02 2.012654651780967470e+02 1.748538011695906572e-02
2.514788250930356241e+02 2.019971185539606608e+02 1.289739500265816088e-02
2.514903189792663341e+02 2.020601275917065323e+02 1.228070175438596492e-02
2.512617597022860139e+02 2.052014141414141477e+02 2.769803296119085784e-03
2.512597607655502259e+02 2.051997926634768703e+02 4.561403508771929433e-03
2.511169059011164393e+02 2.039106592238171061e+02 3.147262094630515726e-03
2.510418181818181722e+02 2.029895268474215868e+02 3.444976076555023806e-03
2.511350505050505149e+02 2.010244338118022256e+02 4.976076555023923806e-03
2.510752578415736309e+02 1.998052631578947285e+02 2.488038277511961903e-03
2.510589314194577355e+02 1.995253375863902079e+02 1.775651249335459883e-03
2.514755342902711277e+02 2.018116374269005746e+02 6.693248272195640759e-03
2.515626368952684686e+02 2.019593620414673012e+02 1.325890483785220619e-02
2.515620574162679475e+02 2.020822009569378110e+02 1.347687400318979198e-02
2.515339872408293331e+02 2.021889898989898882e+02 1.192982456140350908e-02
2.513949494949494863e+02 2.015624455077086736e+02 7.570441254651781235e-03
2.514183094098883657e+02 2.016024136097820190e+02 8.628389154704943498e-03
2.514954385964912262e+02 2.027136204146730449e+02 8.591174906964380367e-03
2.516783944710260528e+02 2.032881020733652235e+02 2.083997873471557516e-02
2.512995427963849124e+02 2.054500372142477431e+02 2.259436469962785785e-03
2.514006060606060657e+02 2.058397926634768851e+02 3.599149388623072796e-03
2.512213716108452957e+02 2.045610313662945146e+02 5.007974481658692203e-03
2.512172886762360520e+02 2.045271876661350348e+02 5.656565656565656561e-03
2.512234662413609669e+02 1.996311749069643895e+02 5.544922913343966302e-03
2.510538011695906562e+02 1.986826528442317965e+02 5.762892078681552087e-03
2.511257682083997906e+02 1.988316374269005848e+02 8.585858585858585634e-03
2.511741201488569857e+02 1.989320893141945703e+02 7.852206273258905550e-03
2.511699202551833991e+02 1.988074587985114192e+02 7.783094098883572287e-03
2.511624933545986096e+02 1.986231366294524321e+02 7.166400850611377195e-03
2.510619510898458202e+02 1.966452206273258980e+02 9.936204146730461678e-03
2.511591387559808481e+02 1.945557256778309352e+02 1.567783094098883570e-02
2.513206220095693766e+02 1.954037905369484349e+02 1.518341307814992033e-02
2.512202817650185978e+02 1.949066666666666663e+02 1.333864965443912892e-02
2.510653429027113361e+02 1.938475863902179697e+02 7.963849016480594942e-03
2.510035194045720459e+02 1.936298139287613083e+02 7.724614566719830225e-03
2.509825890483785145e+02 1.930418872939925450e+02 6.555023923444975968e-03
2.511997129186602820e+02 1.905104040404040404e+02 1.164274322169059003e-02
2.512979797979797922e+02 1.906774056353003743e+02 2.208399787347155654e-02
2.513282668793195000e+02 1.907909782030834549e+02 2.080808080808080676e-02
2.513892982456140430e+02 1.909487772461456814e+02 2.316852737905369594e-02
2.513394896331738551e+02 1.963657097288676141e+02 7.139819245082402663e-03
2.514101010101010161e+02 1.966197182349814057e+02 1.580542264752790929e-02
2.515296703880914322e+02 1.971202711323763879e+02 1.652312599681020691e-02
2.513589845826687963e+02 2.015585007974481755e+02 3.625730994152046895e-03
2.512542105263158021e+02 2.012928548644338207e+02 6.868686868686868681e-03
2.512827751196172130e+02 2.013393567251461889e+02 5.231259968102073589e-03
2.514127538543328058e+02 2.027623444976076428e+02 4.130781499202551728e-03
2.512953322700691103e+02 2.022532801701222809e+02 3.817118553960659015e-03
2.513563530037214377e+02 2.024222541201488639e+02 4.125465178096756995e-03
2.515099627857522648e+02 2.032875810738968596e+02 3.662945241892610459e-03
2.512819670388091424e+02 2.022728814460393494e+02 4.518872939925571569e-03
2.514543009037745946e+02 2.027354704944178536e+02 1.663476874003189804e-02
2.515482456140350962e+02 2.031444657097288768e+02 1.204678362573099494e-02
2.514657947900053045e+02 2.050405688463583260e+02 7.910685805422647612e-03
2.515148165869218531e+02 2.053633599149388544e+02 8.718766613503455692e-03
2.513016905901116331e+02 2.047753694843168546e+02 5.241892610313663055e-03
2.513325571504518905e+02 2.048212546517809756e+02 4.614566719829877629e-03
2.511828229665071888e+02 2.041826581605529043e+02 2.541201488569909666e-03
2.512271238702817584e+02 2.042860871876661406e+02 2.908027644869750142e-03
2.511631844763423658e+02 2.030054226475279222e+02 1.834130781499202596e-03
2.511647527910685938e+02 2.029592503987240946e+02 2.562466772993088598e-03
2.513687134502924039e+02 2.040128761297182223e+02 3.141945773524720993e-03
2.515295959595959516e+02 2.053032748538011560e+02 3.599149388623072796e-03
2.516105528973949959e+02 2.064511589580010593e+02 5.231259968102073589e-03
2.514298511430090457e+02 2.089321052631578937e+02 3.083466241360978063e-03
2.514617224880382764e+02 2.090207549175970314e+02 5.204678362573099057e-03
2.514141733120680442e+02 2.060915683147262030e+02 4.167995746943115726e-03
2.511998777246145664e+02 2.043308187134502987e+02 3.700159489633174023e-03
2.511565390749601363e+02 2.037452684742158340e+02 4.109516214779372796e-03
2.513226528442317829e+02 1.976586709197235621e+02 9.372674109516214783e-03
2.513043540669856384e+02 1.930575279106857920e+02 2.755449229133439745e-02
2.512611430090377382e+02 1.930187931951089979e+02 2.771398192450823944e-02
2.511244603934077588e+02 1.914245135566188196e+02 1.526847421584263606e-02
2.510736682615630002e+02 1.912689207868155279e+02 1.461456671982987697e-02
2.512503774587985106e+02 1.919629877724614460e+02 1.662945241892610157e-02
2.511932748538011708e+02 1.892987506645401368e+02 1.623604465709728786e-02
2.513771185539606563e+02 1.910212918660287187e+02 4.409356725146199030e-02
2.512792610313663033e+02 1.945973737373737436e+02 1.055821371610845237e-02
2.513587612971823546e+02 1.948052525252525129e+02 2.612971823498139168e-02
2.512408665603402369e+02 1.975957097288676323e+02 7.145135566188197396e-03
2.511118181818181938e+02 1.972699946836789024e+02 5.071770334928229866e-03
2.511649282296650654e+02 1.973549813928761409e+02 5.677830940988835493e-03
2.513801648059542799e+02 1.983500584795321515e+02 7.086656034024455333e-03
2.514204784688995176e+02 1.984225624667730017e+02 1.021796916533758599e-02
2.515676767676767724e+02 1.994846889952153219e+02 7.729930887825624958e-03
2.516345667198298770e+02 2.005200000000000102e+02 2.486975013290802783e-02
2.515580063795853221e+02 2.014837161084529384e+02 1.356193514088250944e-02
2.515715683147262212e+02 2.016444869750132796e+02 1.290802764486975035e-02
2.515828335991493816e+02 2.019211270600744399e+02 1.214779372674109487e-02
2.513910951621477921e+02 2.044732695374800642e+02 4.423179160021265509e-03
2.514651887293992445e+02 2.047080063795853277e+02 1.022860180754917546e-02
2.514672461456671897e+02 2.047545507708665582e+02 9.207868155236576327e-03
2.514288676236044751e+02 2.045713503455608588e+02 9.340776182881446385e-03
2.512626847421584273e+02 2.041073896863370578e+02 3.997873471557681670e-03
2.511015948963317328e+02 2.026212068048910169e+02 2.695374800637958656e-03
2.510969005847953213e+02 2.025183359914938990e+02 3.211057947900052955e-03
2.510949601275917189e+02 2.017839181286549604e+02 1.244019138755980951e-03
2.510995481127060032e+02 2.016246730462519849e+02 1.711855396065922437e-03
2.512712068048910226e+02 2.022397022860180869e+02 3.923444976076555409e-03
2.512931897926634690e+02 2.059551621477937147e+02 1.537480063795853245e-02
2.511776555023923549e+02 2.048184795321637353e+02 1.098883572567783094e-02
2.512918926103136528e+02 1.970937001594896287e+02 9.441786283891546311e-03
2.512030409356725045e+02 1.929371238702817664e+02 2.729930887825624680e-02
2.512333652312599668e+02 1.895708027644869844e+02 3.456140350877193179e-02
2.510897395002658072e+02 1.890574375332270165e+02 2.459861775651249471e-02
2.514033280170122282e+02 1.905873524720893215e+02 2.103136629452418901e-02
2.512760021265284536e+02 1.952813609782030824e+02 1.211589580010632647e-02
2.513321637426900566e+02 1.954611855396065891e+02 2.338649654439128173e-02
2.513364061669324769e+02 1.981477565124933449e+02 9.367357788410420050e-03
2.515136150983519485e+02 1.993768527379053808e+02 8.894205209994683614e-03
2.513074162679425854e+02 1.987080701754385927e+02 8.575225943646996168e-03
2.512322115895800039e+02 1.954009197235513113e+02 6.475279106858054107e-03
2.512987666135034601e+02 1.956952206273258810e+02 6.443381180223285709e-03
2.513847846889952109e+02 1.964451621477937238e+02 9.681020733652312762e-03
2.514312440191387452e+02 1.970246677299308828e+02 1.209994683678894227e-02
2.513549441786283865e+02 2.003875651249335590e+02 4.502923976608187370e-03
2.514186390217969063e+02 2.005282243487506548e+02 7.910685805422647612e-03
2.514264486975013426e+02 2.005884051036682649e+02 7.235513024986709590e-03
2.513236523125996769e+02 2.029712493354598735e+02 4.051036682615629866e-03
2.514511057947900099e+02 2.032893088782562359e+02 1.110047846889952207e-02
2.514376182881445914e+02 2.034927857522594365e+02 7.916002126528442345e-03
2.514674641148325236e+02 2.037398298777246168e+02 7.453482190324295376e-03
2.513028654970760272e+02 2.030663795853269562e+02 3.965975544922913272e-03
2.513287028176501963e+02 2.030999999999999943e+02 4.742158426368952955e-03
2.513129292929292831e+02 2.030272301967038686e+02 4.120148856990962262e-03
2.511804253056884590e+02 2.025940935672514627e+02 2.307283359914938815e-03
2.514141945773524753e+02 2.032591547049441658e+02 3.955342902711323806e-03
2.515474109516214867e+02 2.035687347155768236e+02 9.106858054226474666e-03
2.513142849548112565e+02 2.076306432748538100e+02 1.913875598086124457e-03
2.513992503987240923e+02 2.078226315789473801e+02 1.130249867091972366e-02
2.513346198830409435e+02 2.041474109516214810e+02 4.774056353003721352e-03
2.512464380648591202e+02 2.038884104199893557e+02 5.252525252525252521e-03
2.513663104731525664e+02 1.968537161084529430e+02 7.506645401382243572e-03
2.513925837320574033e+02 1.926447049441786419e+02 1.905369484316852755e-02
2.514315736310473142e+02 1.930344391281233527e+02 2.117490696438064854e-02
2.513706645401382218e+02 1.928168367889420551e+02 1.765550239234449717e-02
2.513248219032429631e+02 1.927706326422115808e+02 1.559808612440191471e-02
2.513140563530037355e+02 1.990836044657097261e+02 8.335991493886231452e-03
2.512029346092504056e+02 1.986619510898458145e+02 1.086656034024455035e-02
2.512624667729930934e+02 1.962775704412546531e+02 6.746411483253588089e-03
2.513810526315789389e+02 1.966328654970760113e+02 9.861775651249335417e-03
2.512002020202020276e+02 1.961913024986709218e+02 5.560871876661350501e-03
2.509569165337586298e+02 1.956912812333864906e+02 4.152046783625730660e-03
2.509948803827751078e+02 1.956728335991493850e+02 4.407230196703881310e-03
2.509999202551834117e+02 1.955995481127060032e+02 4.385964912280701511e-03
2.513475863902179697e+02 1.971208293460925063e+02 3.928761297182350141e-03
2.514723179160021402e+02 2.007218553960659335e+02 2.069643806485911910e-02
2.513473790536948513e+02 2.002045826687931935e+02 1.875598086124401903e-02
2.512855715045188845e+02 1.996254970760233789e+02 1.156299840510366904e-02
2.512456990962254224e+02 1.994446730462520065e+02 8.649654439128124164e-03
2.511431366294524139e+02 1.988953535353535358e+02 6.071238702817650067e-03
2.511110898458266831e+02 1.973508080808080933e+02 4.300903774587984917e-03
2.510945933014353955e+02 1.972006007442849409e+02 3.742690058479532320e-03
2.512095321637426935e+02 1.925225199362041337e+02 1.648059542796384905e-02
2.510652525252525322e+02 1.918181552365763025e+02 1.642211589580010525e-02
2.510778149920255089e+02 1.917954066985645909e+02 2.041467304625199305e-02
2.511795481127060157e+02 1.883460180754917701e+02 2.614035087719298114e-02
2.512418872939925620e+02 1.918656778309409958e+02 3.754917597022860293e-02
2.513000106326421985e+02 1.967977724614566739e+02 2.112174375332270121e-02
2.511444869750132796e+02 1.963601701222753775e+02 2.103136629452418901e-02
2.513535034556087169e+02 1.979182296650717774e+02 1.355661881977671471e-02
2.513899999999999864e+02 1.979936523125996928e+02 1.961722488038277618e-02
2.511814513556618920e+02 1.958314407230196821e+02 9.489633173843700642e-03
2.510204625199362169e+02 1.953827219564061579e+02 8.187134502923977195e-03
2.510282030834662521e+02 1.952257256778309511e+02 6.863370547581073948e-03
2.509929292929292899e+02 1.949169856459330106e+02 8.229665071770335058e-03
2.510212971823498265e+02 1.949755396065922355e+02 9.867091972355130150e-03
2.512820308346624074e+02 1.963159595959595833e+02 5.518341307814991770e-03
2.514636363636363683e+02 1.970161350345561004e+02 6.544391281233386502e-03
2.515660233918128768e+02 1.980544497607655501e+02 8.298777246145666586e-03
2.516599893673577810e+02 1.991970547581073845e+02 1.636363636363636492e-02
2.516669324827219612e+02 1.998075757575757621e+02 1.483253588516746449e-02
2.516270653907496069e+02 2.005479479000531740e+02 1.209463051568314754e-02
2.516075651249335579e+02 2.005166294524189254e+02 1.102073365231259934e-02
2.516202286018075540e+02 2.006372939925571472e+02 1.123870281765018686e-02
2.514971557682083869e+02 2.020043700159489504e+02 7.586390217969165434e-03
2.515443912812333735e+02 2.022530196703880847e+02 9.377990430622009516e-03
2.515424082934609373e+02 2.025818713450292421e+02 8.011695906432749273e-03
2.515964061669324963e+02 2.028034449760765483e+02 9.298245614035088522e-03
2.512810419989367290e+02 2.018305688463583181e+02 5.326953748006379649e-03
2.515011376927166395e+02 2.026299149388622993e+02 1.797448165869218462e-02
2.515301435406698545e+02 2.027275651249335340e+02 1.916533758639021867e-02
2.513276182881446061e+02 1.998911004784688998e+02 7.145135566188197396e-03
2.513190164805954225e+02 1.998868048910154300e+02 8.421052631578947179e-03
2.512904359383306883e+02 1.997299415204678326e+02 6.028708133971292203e-03
2.512507017543859718e+02 1.995940563530037082e+02 6.044657097288676402e-03
2.511850079744816640e+02 1.992528176501860742e+02 3.136629452418926260e-03
2.511063370547581144e+02 1.984018979266347742e+02 2.674109516214779290e-03
2.511407336523126048e+02 1.984504040404040381e+02 3.615098351940456995e-03
2.512110207336523047e+02 1.985844284954811201e+02 5.332270069112174382e-03
2.511397713981924369e+02 1.983212599681020833e+02 4.141414141414141194e-03
2.512748856990962167e+02 1.986267676767676846e+02 5.890483785220627412e-03
2.514245667198298690e+02 1.990863849016480458e+02 9.037745879851143138e-03
2.511874269005847964e+02 1.982390164805954385e+02 6.283891547049441986e-03
2.510035247208931537e+02 1.974163902179691661e+02 1.115364167995746940e-02
2.510749175970228464e+02 1.974975013290802792e+02 9.207868155236576327e-03
2.510813769271663887e+02 1.972695481127060191e+02 1.017543859649122813e-02
2.510648750664540216e+02 1.951663317384370089e+02 8.904837852206273080e-03
2.510713609782030744e+02 1.951922169059011196e+02 1.312599681020733614e-02
2.512208027644869617e+02 1.947940297713981863e+02 9.925571504518872212e-03
2.509968155236576308e+02 1.940637533227006770e+02 5.061137692716640400e-03
2.510267304625199358e+02 1.940968580542264874e+02 5.077086656034024599e-03
2.510482349813928806e+02 1.940898883572567684e+02 6.135034556087187729e-03
2.509581073896863472e+02 1.937838330675172642e+02 5.225943646996278856e-03
2.511222488038277447e+02 1.941650398724083004e+02 1.104199893673577827e-02
2.512339234449760852e+02 1.943616055289739393e+02 1.641148325358851578e-02
2.513722860180754992e+02 1.949162838915470388e+02 1.307283359914938881e-02
2.514204997341839487e+02 1.951625199362041485e+02 1.468367889420521023e-02
2.514630940988835732e+02 1.952623710792131817e+02 1.716108452950558180e-02
2.515472674109516333e+02 1.963012280701754264e+02 1.388623072833599162e-02
2.515412759170653771e+02 1.978008984582668859e+02 1.258373205741626817e-02
2.515566347687400253e+02 1.978258426368952598e+02 1.471026049973418390e-02
2.515738383838383925e+02 1.981298670919723577e+02 1.659755449229133317e-02
2.515847527910685812e+02 1.990882828282828143e+02 9.856459330143540684e-03
2.515613928761297302e+02 1.990611855396065835e+02 1.059011164274322250e-02
2.514926315789473676e+02 1.989313928761297063e+02 9.452418926103135777e-03
2.515128442317916040e+02 1.989846092503987336e+02 1.079213184476342409e-02
2.515326156299840648e+02 1.990215842636895331e+02 1.171717171717171803e-02
2.511910792131844801e+02 1.979188144603934063e+02 5.885167464114832679e-03
2.510857150451887208e+02 1.976997395002658209e+02 6.034024455077086936e-03
2.510571398192450943e+02 1.974867942583732088e+02 5.401382243487506778e-03
2.510404625199361988e+02 1.973141307814992160e+02 5.412014885699096244e-03
2.510090749601276059e+02 1.970309728867623562e+02 4.976076555023923806e-03
2.509917278043593853e+02 1.967282083997873485e+02 4.848484848484848481e-03
2.509792503987240764e+02 1.964372780435938353e+02 4.502923976608187370e-03
2.511130143540669906e+02 1.933388091440723144e+02 1.360446570972886730e-02
2.510712387028176522e+02 1.931011217437533105e+02 1.361509835194045677e-02
2.512534183944710264e+02 1.939231951089845722e+02 1.398192450824029855e-02
2.512396384901647934e+02 1.938221531100478501e+02 1.279638490164805922e-02
2.513588623072833741e+02 1.958750292397660928e+02 9.558745348219032170e-03
2.515749122807017670e+02 1.972545401382243426e+02 3.291866028708134023e-02
2.515868793195108992e+02 1.979483678894205241e+02 1.923444976076555193e-02
2.515680010632642336e+02 1.985503455608718753e+02 1.203083466241360901e-02
2.515767091972355161e+02 1.986570707070707158e+02 1.276980329611908556e-02
2.515410685805422588e+02 1.986553588516746345e+02 1.314194577352472033e-02
2.514367357788410402e+02 1.984574056353003755e+02 1.160552897395002690e-02
2.513020414673046332e+02 1.981244125465178172e+02 8.569909622541201435e-03
2.512645560871876569e+02 1.980027644869750247e+02 7.793726741095161753e-03
2.513268048910154278e+02 1.981154917597022802e+02 8.431685273790536644e-03
2.513626368952684800e+02 1.981715683147262155e+02 9.633173843700160166e-03
2.513906485911749087e+02 1.982115948963317464e+02 1.090377458798511348e-02
2.515055130249866977e+02 1.985995108984582771e+02 1.311004784688995194e-02
2.515816374269005848e+02 1.988504412546517699e+02 1.533227006911217459e-02
2.515780914407230284e+02 1.989535300372142501e+02 1.331738437001594826e-02
2.514821265284423077e+02 1.987610738968633655e+02 1.139287612971823412e-02
2.515100531632110687e+02 1.988251143009037776e+02 1.149920255183413051e-02
2.514747208931419493e+02 1.987340244550770763e+02 1.119617224880382726e-02
2.514651887293992445e+02 1.987152153110047834e+02 1.158426368952684797e-02
2.514970122275385336e+02 1.988108718766613379e+02 1.199362041467304588e-02
2.514282456140350916e+02 1.986776767676767577e+02 9.643806485911749632e-03
2.514667198298777180e+02 1.987351143009037742e+02 1.102073365231259934e-02
2.515651196172248945e+02 1.991674906964380511e+02 1.450292397660818758e-02
2.515907708665603479e+02 1.991726847421584239e+02 1.553960659223817091e-02
2.516428761297182461e+02 1.995351940457203739e+02 1.622009569377990540e-02
2.515875225943647138e+02 2.012532004253056925e+02 7.012227538543328205e-03
2.515221477937267309e+02 2.011165762892078703e+02 6.858054226475279215e-03
2.513910154173312037e+02 2.007190909090909088e+02 7.554492291334396169e-03
2.512446996278575284e+02 2.000311961722487979e+02 4.529505582137161035e-03
2.512323285486443467e+02 1.958048591174907074e+02 1.016480595427963866e-02
2.512409463051568252e+02 1.950489952153110096e+02 8.341307814992026184e-03
2.513921531100478433e+02 1.966534077618288165e+02 7.246145667198299056e-03
2.511145348219032485e+02 1.956800531632110562e+02 5.959595959595959808e-03
2.510235034556087328e+02 1.934350877192982523e+02 1.979797979797979710e-02
2.510562254120148964e+02 1.933730568846358437e+02 2.008506113769271614e-02
2.511009037745879766e+02 1.933588942052099924e+02 2.296119085592769962e-02
2.510795427963849136e+02 1.929957788410420108e+02 1.767676767676767610e-02
2.512993354598617657e+02 1.941666347687400389e+02 1.297713981924508188e-02
2.514573577884104338e+02 1.947711536416799447e+02 2.776182881446039377e-02
2.515084529505582225e+02 1.954297873471557807e+02 1.905901116427432054e-02
2.514791015417331153e+02 1.954086762360446698e+02 1.843168527379053859e-02
2.515154013822434820e+02 1.956877937267410914e+02 1.766081871345029364e-02
2.514730037214247602e+02 1.985457469431153754e+02 9.074960127591706269e-03
2.514450451887294093e+02 1.986190909090909145e+02 1.348750664540138144e-02
2.514950505050505001e+02 2.001588250930356310e+02 7.581073896863370701e-03
2.516304518872939866e+02 2.011720839978734716e+02 2.872408293460924911e-02
2.515273896863370453e+02 2.009398405103668210e+02 1.656034024455077178e-02
2.515502286018075608e+02 2.010447315257841581e+02 1.474747474747474703e-02
2.515904199893673479e+02 2.017214779372674229e+02 1.090377458798511348e-02
2.515142849548112736e+02 2.014417490696438051e+02 1.045720361509835244e-02
2.515444816586921775e+02 2.014384104199893670e+02 1.091440723019670468e-02
2.515566719829877798e+02 2.016287825624667676e+02 1.235513024986709119e-02
2.515917809675704291e+02 2.017204572036150978e+02 1.347155768208399725e-02
2.514804891015417354e+02 2.034755289739500199e+02 7.240829346092504323e-03
2.515065762892078567e+02 2.043445507708665616e+02 5.709728867623604757e-03
2.512695002658160490e+02 2.037844976076555099e+02 3.673577884104199925e-03
2.513072248803827620e+02 2.037904572036150910e+02 4.784688995215310818e-03
2.513047634237107957e+02 2.037438755980861345e+02 4.960127591706538740e-03
2.511855502392344590e+02 2.031463689526847531e+02 2.977139819245082537e-03
2.512723232323232310e+02 2.007857682083997872e+02 8.745348219032429357e-03
2.511762147793726854e+02 1.981779957469431110e+02 5.225943646996278856e-03
2.510709356725146222e+02 1.976328442317916085e+02 7.341839447102605117e-03
2.511706432748538020e+02 1.978241095162147758e+02 7.618288144603933831e-03
2.511815257841573725e+02 1.978307496012759259e+02 7.713981924508239892e-03
2.512685167464114784e+02 1.982153269537480185e+02 7.400318979266348046e-03
2.515228867623604572e+02 1.999076395534290214e+02 6.358320042530569115e-03
2.516534130781499243e+02 2.004675863902179742e+02 7.309941520467835852e-03
2.516839500265816127e+02 2.008891706539074846e+02 1.020733652312599653e-02
2.515201648059542663e+02 2.005435885167464107e+02 6.868686868686868681e-03
2.513347049441786396e+02 1.999614035087719230e+02 3.657628920786815726e-03
2.514091706539074949e+02 2.001351036682615643e+02 5.183413078149920125e-03
2.514642052099946739e+02 2.003144976076555110e+02 7.767145135566188088e-03
2.515177830940988883e+02 2.005268846358320047e+02 9.622541201488570700e-03
2.514982402977139770e+02 2.025675917065390763e+02 7.947900053163210743e-03
2.515261881977671408e+02 2.029129930887825708e+02 1.497607655502392401e-02
2.515434130781499107e+02 2.030916374269005757e+02 1.193514088250930381e-02
2.515356140350877183e+02 2.038282509303562051e+02 7.745879851143009157e-03
2.513813609782030767e+02 2.035136948431685369e+02 5.816055289739500284e-03
2.513840882509303469e+02 2.035017118553960529e+02 6.863370547581073948e-03
2.514159383306751749e+02 2.035597448165869139e+02 7.974481658692184408e-03
2.511980808080808174e+02 2.028821743753322835e+02 2.993088782562466736e-03
2.511249335459861811e+02 2.026393620414673080e+02 2.200956937799042855e-03
2.512651780967570403e+02 2.029528229665071706e+02 3.827751196172248915e-03
2.514401701222753900e+02 2.033801648059542799e+02 6.145667198298777195e-03
2.515391068580542253e+02 2.052544657097288621e+02 4.529505582137161035e-03
2.515483997873471651e+02 2.067234449760765642e+02 2.530568846358320200e-03
2.512138437001594866e+02 2.052373046251993571e+02 4.460393407761828639e-03
2.511613450292397545e+02 2.038299362041467191e+02 6.113769271664008798e-03
2.511654439128123215e+02 1.993025252525252426e+02 6.868686868686868681e-03
2.510767783094098888e+02 1.972855236576289144e+02 1.198830409356725114e-02
2.512852312599680999e+02 1.973353801169590724e+02 7.405635300372142779e-03
2.512752472089314324e+02 1.973061669324827108e+02 6.581605528973949633e-03
2.513229452418925973e+02 1.973647368421052590e+02 7.001594896331738739e-03
2.513614141414141443e+02 1.974156778309409788e+02 7.293992557150451653e-03
2.514338383838383777e+02 1.975566028708134070e+02 8.559276980329611970e-03
2.515149016480595492e+02 1.978516427432217029e+02 9.128123338649653598e-03
2.515020042530568958e+02 1.978386868686868638e+02 9.138755980861244799e-03
2.514915311004784826e+02 1.977712546517809642e+02 9.255715045188728923e-03
2.514694843168527427e+02 1.977236788942052215e+02 9.202551834130781594e-03
2.515050186071238727e+02 1.978084210526315871e+02 1.118553960659223780e-02
2.515532376395534300e+02 1.978665816055289781e+02 1.311536416799574667e-02
2.515641360978202954e+02 1.978992131844763378e+02 1.285486443381180302e-02
2.515781499202551856e+02 1.983206432748538077e+02 1.366826156299840583e-02
2.516224561403508631e+02 1.984446305156831443e+02 1.467304625199362077e-02
2.516268474215842730e+02 1.989281499202551799e+02 1.557150451887293931e-02
2.515993886230728265e+02 1.991394258373205730e+02 1.355130249867091997e-02
2.516040776182881586e+02 1.998122594364699580e+02 1.320042530568846413e-02
2.516746996278575352e+02 2.002389845826687917e+02 1.093035619351408888e-02
2.516893460925039960e+02 2.002916108452950539e+02 1.090909090909090995e-02
2.516289473684210520e+02 2.008180489101541752e+02 1.094098883572567835e-02
2.516440138224348857e+02 2.010363636363636317e+02 1.301967038809144148e-02
2.516287347155768259e+02 2.012384157363104862e+02 1.329080276448697459e-02
2.516072993088782539e+02 2.015783306751727935e+02 1.163211057947900057e-02
2.516413769271663909e+02 2.016581765018607086e+02 1.272195640616693296e-02
2.515078203083466235e+02 2.031342796384901703e+02 6.836788942052100283e-03
2.515829186602870777e+02 2.036712599681020777e+02 8.729399255715045158e-03
2.515417437533226916e+02 2.036092663476873952e+02 8.293460925039871853e-03
2.512480116959064276e+02 2.025191440723019696e+02 3.280170122275385351e-03
2.512794790005316372e+02 1.965804093567251414e+02 1.513556618819776774e-02
2.511672461456672067e+02 1.961691972355130247e+02 1.325358851674641146e-02
2.512215098351940412e+02 1.963388942052099821e+02 1.099415204678362568e-02
2.511569059011164313e+02 1.960996650717703460e+02 9.128123338649653598e-03
2.510492450824029902e+02 1.949208080808080865e+02 5.284423179160020918e-03
2.511329133439659813e+02 1.950913237639553302e+02 6.927166400850611611e-03
2.511692876129718286e+02 1.951662785752259310e+02 8.617756512493354032e-03
2.511038224348750703e+02 1.948829984051036774e+02 7.676767676767676761e-03
2.512259117490696383e+02 1.951144072301966901e+02 1.137692716640084992e-02
2.512819404572036035e+02 1.952031844763423578e+02 1.275385433280170136e-02
2.512448484848484895e+02 1.951575651249335408e+02 1.051036682615629977e-02
2.511236735778840909e+02 1.948479266347687542e+02 8.442317916002126110e-03
2.512089101541733100e+02 1.949647049441786351e+02 1.017012227538543340e-02
2.514157682083997827e+02 1.968110154173312196e+02 1.090377458798511348e-02
2.512436788942052033e+02 1.927417012227538464e+02 1.289207868155236615e-02
2.511564859117490585e+02 1.924829665071770251e+02 1.114832535885167467e-02
2.513451249335459750e+02 1.937545667198298815e+02 1.567251461988303923e-02
2.513585114300903740e+02 1.937482721956406237e+02 1.802764486975013195e-02
2.513637852206273351e+02 1.959354970760233812e+02 8.463583200425305042e-03
2.513178043593833024e+02 1.957668048910154255e+02 8.351940457203615650e-03
2.514295268474215845e+02 1.964537107921318579e+02 1.432748538011695966e-02
2.515040882509303515e+02 1.966783253588516800e+02 1.759702286018075337e-02
2.514068261562998430e+02 1.964443115364167909e+02 1.270600744284954876e-02
2.513914407230196844e+02 1.964287240829346217e+02 1.202551834130781427e-02
2.513352099946836802e+02 1.962682562466773106e+02 1.020733652312599653e-02
2.511811004784688919e+02 1.942288463583200553e+02 7.155768208399787729e-03
2.513471823498139202e+02 1.948343434343434240e+02 1.860712387028176651e-02
2.513916214779372638e+02 1.956209144072302024e+02 1.551302498670919724e-02
2.513705156831472607e+02 1.955903242955874646e+02 1.462519936204146817e-02
2.514470866560340312e+02 1.980495055821371579e+02 9.037745879851143138e-03
2.513761244019138701e+02 1.978593195108984446e+02 1.005316321105794754e-02
2.512412387028176397e+02 1.941633971291865919e+02 8.623072833599148765e-03
2.512240350877193009e+02 1.933994364699627795e+02 1.148325358851674631e-02
2.513191653375863837e+02 1.936656831472620865e+02 1.335991493886230785e-02
2.513860765550239194e+02 1.937829611908559286e+02 1.627857522594364573e-02
2.514410685805422645e+02 1.938679479000531671e+02 2.017543859649122834e-02
2.514908771929824525e+02 1.939462094630515594e+02 2.282828282828282956e-02
2.515333705475810859e+02 1.947901488569909532e+02 2.019138755980861080e-02
2.515357203615098456e+02 1.947814513556618863e+02 2.247208931419457725e-02
2.515327698032961052e+02 1.947791334396597449e+02 2.081339712918660323e-02
2.515275332270068986e+02 1.948061722488038185e+02 1.904306220095693808e-02
2.515572620946305165e+02 1.948959755449229192e+02 2.204678362573099515e-02
2.515447474747474814e+02 1.959322966507177171e+02 1.754917597022860251e-02
2.513566347687400366e+02 2.000121424774056322e+02 4.976076555023923806e-03
2.514091281233386610e+02 2.003918500797448132e+02 1.335459861775651312e-02
2.512546943115364115e+02 1.986044444444444537e+02 9.920255183413077479e-03
2.511658745348219099e+02 1.983148112706007566e+02 1.081339712918660302e-02
2.511577830940988747e+02 1.982602286018075404e+02 9.957469431153642345e-03
2.511200372142477306e+02 1.957439606592238306e+02 6.092503987240828998e-03
2.513034290271132249e+02 1.962194683678894194e+02 1.793726741095161975e-02
2.514557416267942642e+02 1.976170707070706953e+02 1.163742690058479530e-02
2.514576448697501405e+02 1.976286709197235609e+02 1.111642743221690627e-02
2.514815576820840022e+02 1.985311749069643668e+02 8.660287081339713630e-03
2.515223817118553882e+02 1.986424189261031472e+02 1.079744816586921882e-02
2.515549175970228646e+02 1.988169431153641540e+02 1.246145667198298758e-02
2.514115789473684117e+02 1.985067783094098957e+02 7.979797979797979141e-03
2.514063742690058518e+02 1.985065018607123761e+02 8.155236576289207062e-03
2.515333599149388704e+02 1.988575970228601761e+02 1.077086656034024516e-02
2.515277033492822909e+02 1.988331844763423817e+02 1.069643806485911716e-02
2.514502020202020276e+02 1.986843806485911728e+02 9.021796916533758939e-03
2.511776501860712472e+02 1.961548059542796523e+02 6.443381180223285709e-03
2.512510526315789434e+02 1.917455396065922457e+02 1.717703349282296774e-02
2.511073790536948422e+02 1.898012333864965342e+02 1.718766613503455720e-02
2.510838437001594912e+02 1.880966932482722029e+02 2.601275917065390755e-02
2.510957628920786817e+02 1.876483094098883555e+02 1.676767676767676810e-02
2.512631259968102029e+02 1.911480382775119722e+02 1.307283359914938881e-02
2.513635353535353545e+02 1.936475385433280110e+02 2.538543328017012213e-02
2.513717065390749497e+02 1.967391866028708023e+02 3.147793726741095199e-02
2.515119032429558672e+02 1.979046198830409367e+02 3.862838915470494239e-02
2.515195108984582646e+02 1.982012280701754321e+02 2.738968633705475900e-02
2.513819723551302445e+02 1.978844976076555042e+02 1.862838915470494544e-02
2.512769218500797308e+02 1.974132695374800619e+02 1.064859117490696457e-02
2.512577830940988974e+02 1.973025943646996154e+02 9.782030834662414423e-03
2.513981286549707477e+02 1.976643328017012209e+02 1.255183413078149977e-02
2.514858426368952564e+02 1.979588091440722906e+02 1.576289207868155143e-02
2.515292238171185488e+02 1.984880701754385939e+02 1.745879851143009032e-02
2.515485061137692639e+02 1.986997713981924392e+02 1.762360446570972877e-02
2.515265656565656514e+02 1.986618872939925495e+02 1.628920786815523519e-02
2.515666135034556135e+02 1.987400797448165974e+02 1.676767676767676810e-02
2.515778468899521556e+02 1.990196650717703335e+02 2.039340776182881412e-02
2.515371557682084074e+02 1.989603774587985185e+02 1.642211589580010525e-02
2.515740404040404030e+02 1.990706220095693766e+02 1.902711323763955215e-02
2.514834609250398785e+02 2.005471823498139372e+02 1.120680489101541673e-02
2.514048059542796523e+02 2.002571185539606518e+02 1.062200956937799090e-02
2.514257150451887242e+02 2.002967836257309955e+02 1.111111111111111154e-02
2.515035619351408798e+02 2.006314566719829884e+02 1.212652844231791593e-02
2.515161669324827187e+02 2.006471823498139315e+02 1.215842636895268433e-02
2.515227379053694960e+02 2.008410419989367313e+02 1.392876129718234948e-02
2.514776448697501223e+02 2.007759649122806991e+02 1.195108984582668801e-02
2.512604412546517949e+02 1.973467570441254679e+02 7.001594896331738739e-03
2.510587134502924016e+02 1.966306060606060555e+02 5.560871876661350501e-03
2.510516214779372604e+02 1.962594736842105192e+02 4.657097288676236360e-03
2.512158373205741668e+02 1.951594577352472015e+02 1.009569377990430540e-02
2.513496650717703460e+02 1.955881871345029310e+02 1.530568846358320093e-02
2.513529080276448724e+02 1.955799893673577969e+02 1.522062732589048346e-02
2.512138383838383788e+02 1.953140616693248148e+02 1.376927166400850576e-02
2.513509250398724078e+02 1.956018607123870368e+02 1.771929824561403397e-02
2.515205688463583158e+02 1.961610207336523217e+02 2.673046251993620517e-02
2.515711749069643872e+02 1.965555077086656013e+02 1.951089845826687805e-02
2.516002870813397010e+02 1.967516267942583852e+02 1.960127591706539024e-02
2.516367464114832444e+02 1.969126687931951096e+02 1.973950026581605677e-02
2.516426315789473733e+02 1.970332961190856054e+02 2.002658160552897235e-02
2.516717490696437949e+02 1.973878522062732657e+02 1.939393939393939392e-02
2.515882828282828143e+02 1.986306060606060555e+02 1.622541201488569840e-02
2.516083359914938740e+02 1.990705901116427299e+02 1.420520999468367906e-02
2.515716427432217017e+02 1.990019723551302491e+02 1.298245614035087661e-02
2.515510473152578470e+02 1.989534981392876034e+02 1.241892610313662972e-02
2.514938437001594878e+02 1.988341201488569823e+02 1.172780435938330749e-02
2.515043753322700582e+02 1.988960552897395075e+02 1.226475279106858073e-02
2.515492876129718240e+02 1.990232004253056743e+02 1.232323232323232279e-02
2.515938383838383743e+02 1.991064646464646444e+02 1.494949494949495035e-02
2.515721584263689579e+02 1.990111483253588460e+02 1.325358851674641146e-02
2.516014779372674184e+02 1.991416267942583715e+02 1.519936204146730453e-02
2.516210313662945168e+02 1.991926368952684641e+02 1.680489101541732949e-02
2.516113343965975560e+02 1.991910154173312151e+02 1.704412546517809768e-02
2.515523551302498788e+02 1.991085326953748051e+02 1.423710792131844746e-02
2.512947687400318841e+02 1.984356725146198812e+02 6.065922381711855334e-03
2.511793354598617896e+02 1.980277405635300454e+02 3.413078149920254975e-03
2.511601807549176044e+02 1.979295055821371534e+02 3.556618819776714499e-03
2.511249548112706123e+02 1.950506326422115819e+02 5.385433280170122579e-03
2.509930728335991432e+02 1.930881180223285583e+02 1.330143540669856406e-02
2.511907070707070773e+02 1.905830196703880972e+02 2.733120680489101520e-02
2.510626900584795180e+02 1.885163476874003265e+02 2.516746411483253634e-02
2.510633014354066859e+02 1.863930515683147178e+02 1.861244019138755951e-02
2.510608293460925040e+02 1.837868048910154073e+02 2.709197235513025048e-02
2.513127432216905959e+02 1.796352578415736332e+02 4.767145135566187852e-02
2.514026368952684720e+02 1.803234875066453924e+02 5.246145667198298668e-02
2.511971398192450806e+02 1.779162307283359894e+02 2.860712387028176498e-02
2.512067836257309921e+02 1.695492876129718240e+02 6.128123338649654750e-02
2.512897395002658243e+02 1.733063689526847497e+02 6.859649122807016941e-02
2.512824986709197219e+02 1.764486762360446619e+02 4.675172780435938452e-02
2.513014673046251914e+02 1.766199521531100345e+02 4.662413609782031093e-02
2.512633014354067029e+02 1.879772833599149351e+02 2.104199893673577848e-02
2.512983678894205184e+02 1.927084954811270734e+02 3.232323232323232320e-02
2.514143859649122703e+02 1.930431685273790663e+02 4.523657628920786655e-02
2.513593779904306302e+02 1.971083359914938740e+02 9.973418394471026543e-03
2.514178787878787773e+02 1.994091547049441715e+02 1.912812333864965381e-02
2.515257841573630913e+02 2.003484210526315792e+02 1.410951621477937214e-02
2.514213981924508232e+02 2.031084848484848351e+02 6.687931951089846026e-03
2.514711430090377462e+02 2.038123285486443308e+02 5.762892078681552087e-03
2.514628601807549160e+02 2.040790536948431679e+02 5.247208931419457788e-03
2.514932429558745355e+02 2.048922115895800005e+02 4.667729930887825826e-03
2.514244976076554963e+02 2.046637320574162686e+02 3.976608187134502738e-03
