2.527142145135566125e+02 2.112566643882433368e+02 2.189365459102301070e+00
2.517658777625882749e+02 1.359570944406470687e+02 7.349908863066757503e-01
2.516140208475734710e+02 1.368603753702437871e+02 6.700985418090681378e-01
2.512574618364091918e+02 1.297695944406470687e+02 4.016575529733424355e-01
2.513587235133287834e+02 1.462251794258373252e+02 2.348342447026657565e-01
2.515054539758487238e+02 1.578712833219412062e+02 1.199589883800410151e-01
2.508983395989974952e+02 1.345352728411938870e+02 1.542207792207792305e-01
2.512214627477785314e+02 1.535478326498063382e+02 1.365060378218272974e-01
2.515077751196172358e+02 1.844556277056277054e+02 5.392743221690590033e-02
2.519007461836409334e+02 1.894709785828206918e+02 8.552631578947368640e-02
2.514498604465709661e+02 2.016142914103440376e+02 3.745158350421508384e-03
2.514650831624515774e+02 2.089309922533606709e+02 1.053770790612895778e-03
2.513340168603326390e+02 2.085994246981089191e+02 1.424014581909318722e-04
2.513689906584643552e+02 2.085545967190703891e+02 5.696058327637274751e-05
2.514802204374572909e+02 2.041238323080428358e+02 3.816359079516974239e-03
2.515795169742538064e+02 2.046869731146046831e+02 1.808498519024834793e-03
2.516054625199361965e+02 2.049995158350421605e+02 9.113693324219639602e-04
2.513926293005240495e+02 2.014598285486443388e+02 3.275233538391432897e-04
2.511593045112782079e+02 2.000715709728867751e+02 1.993620414673046102e-03
2.512912109820004503e+02 1.964147727272727195e+02 5.995101389838232084e-03
2.512888043973570404e+02 1.911732883344725451e+02 7.148553201184779972e-03
2.515761705399863217e+02 1.869676891091364723e+02 2.057701070858965545e-02
2.516737155388471194e+02 1.881252563226247503e+02 2.064821143768512043e-02
2.516797391205285805e+02 1.885458959899749232e+02 2.022100706311232704e-02
2.516356943495101461e+02 1.887358310549099940e+02 2.252791068580542108e-02
2.513271673501936618e+02 1.881739718614718697e+02 1.352813852813852802e-02
2.513815789473684106e+02 1.883047818409660579e+02 1.552175894281157369e-02
2.514818438140806620e+02 1.911285742766006024e+02 2.819548872180450971e-03
2.514400917065390786e+02 1.910017942583731951e+02 6.322624743677375536e-03
2.514830827067669077e+02 1.915139411027568883e+02 5.169172932330826781e-03
2.512603098655730207e+02 1.961972117794486223e+02 1.093643198906356882e-02
2.513111329460013792e+02 1.963326782866256508e+02 1.184780132148553246e-02
2.515490145819093186e+02 1.984667492595124259e+02 1.993620414673046102e-03
2.514179767600820128e+02 2.020416239462292083e+02 1.139211665527454950e-04
2.514610104807473192e+02 2.021135224424698151e+02 4.200843016632490635e-03
2.514770733652312629e+02 2.023555622009569390e+02 1.879699248120300648e-03
2.514878389154704905e+02 2.024392372977899299e+02 2.036340852130325701e-03
2.512809580770106948e+02 2.020613323080428358e+02 1.196172248803827705e-03
2.511951896787423095e+02 2.018616569833675101e+02 4.556846662109819801e-04
2.511161426293005263e+02 2.016773467760309870e+02 3.417634996582365257e-04
2.511098057644110213e+02 2.016775888585099210e+02 3.132832080200501079e-04
2.509522812713602207e+02 2.011590197083618250e+02 3.417634996582365257e-04
2.508959330143540569e+02 2.008806818181818130e+02 2.705627705627705625e-04
2.510470636819321157e+02 2.011076412622465170e+02 1.053770790612895778e-03
2.512843472317156568e+02 2.016442241968557880e+02 2.192982456140350755e-03
2.512053286625655062e+02 2.014767600820232474e+02 1.053770790612895778e-03
2.512850592390066140e+02 1.989805764411027553e+02 1.267372977899293776e-03
2.511526686033265037e+02 1.947287394622920829e+02 1.893939393939393992e-02
2.508434153565732458e+02 1.937141005923900536e+02 7.219753930280245827e-03
2.508810093415356448e+02 1.937269167236272551e+02 7.333675096832991715e-03
2.509243563454089667e+02 1.937104835953520023e+02 6.137502848029163793e-03
2.512418403964456672e+02 1.948934267486899046e+02 6.821029847345636520e-03
2.514011876281613240e+02 1.956144053315105964e+02 7.832080200501252698e-03
2.515141262246525287e+02 1.963438283208020039e+02 1.405502392344497656e-02
2.514746952608794572e+02 1.963128417634996481e+02 1.351389838231943467e-02
2.515318694463431370e+02 1.996670084301663337e+02 3.973000683526999727e-03
2.515602927773980468e+02 1.999042777398040585e+02 8.387445887445887927e-03
2.515418090681248486e+02 1.998636506037821903e+02 1.021018455228981520e-02
2.515686517429938363e+02 2.004353639781271283e+02 4.813169286853497507e-03
2.516207421964001014e+02 2.015636392116655315e+02 3.360674413305992422e-03
2.512835925039872507e+02 2.034245699475962681e+02 3.033151059466848969e-03
2.513184096605149307e+02 2.034788249031670091e+02 3.246753246753246967e-03
2.512271303258145281e+02 2.033841136933242240e+02 3.147072226019594424e-03
2.510637816131237230e+02 2.031304539758487238e+02 2.605946684894053407e-03
2.511910030758714925e+02 2.032974054454317638e+02 4.186602870813397291e-03
2.513712548416495736e+02 2.035358282068808364e+02 6.650148097516518989e-03
2.516756664388243223e+02 2.040540128730918070e+02 1.150603782182729566e-02
2.517470665299612733e+02 2.057797761449077143e+02 1.979380268853953191e-03
2.518187087035771299e+02 2.064629186602870732e+02 7.960241512873091063e-03
2.517682558669400805e+02 2.072912679425837439e+02 5.097972203235360926e-03
2.518193352699931609e+02 2.076036967418546340e+02 4.998291182501709250e-03
2.517251367053998763e+02 2.085148524720893022e+02 1.694577352472089338e-03
2.517362440191387520e+02 2.085242936887673864e+02 2.278423331054909955e-03
2.517491455912508513e+02 2.085453121439963411e+02 3.175552517657780679e-03
2.514780416951469704e+02 2.064946172248803862e+02 1.025290498974709523e-03
2.513170426065162815e+02 2.048813083845978724e+02 1.751537935748462066e-03
2.511568552061973207e+02 2.042059837092731698e+02 4.286283891547049835e-03
2.511483395989974952e+02 2.035849139895192650e+02 3.118591934381408168e-03
2.511203719526087923e+02 2.034985902255639019e+02 3.204032809295967368e-03
2.511254129642287580e+02 2.034384968102073401e+02 3.901799954431533438e-03
2.511651002506265797e+02 2.034920112781954913e+02 3.403394850763272021e-03
2.512693665983139795e+02 2.036643312827523289e+02 2.976190476190476025e-03
2.513519024834814388e+02 2.038221405787195124e+02 2.805308726361358061e-03
2.514644565960355465e+02 2.042297220323536067e+02 2.563226247436773807e-03
2.515967617908407306e+02 2.048534119389382511e+02 3.688197767145135440e-03
2.516932102984734456e+02 2.052703206880838422e+02 4.656527682843472453e-03
2.518054084073820889e+02 2.062912821827295602e+02 3.147072226019594424e-03
2.518347431077694125e+02 2.073289900888585180e+02 8.544087491455912330e-04
2.518380183413078157e+02 2.072925922761449158e+02 8.259284575074048694e-04
2.518217133743449665e+02 2.073255866940077397e+02 1.865459102301207520e-03
2.516089228753702400e+02 2.069405331510594692e+02 1.651856915014809739e-03
2.510740772385509274e+02 2.052439479380268779e+02 5.268853953064478891e-04
2.511430280246069628e+02 2.052921935520619741e+02 5.411255411255411251e-04
2.512510395306447890e+02 2.054904733424470180e+02 3.417634996582365257e-04
2.512542435634540823e+02 2.055012958532695393e+02 7.262474367737525426e-04
2.512655075187969942e+02 2.054332564365459177e+02 5.411255411255411251e-04
2.514901315789473699e+02 2.060129300524037319e+02 1.723057644110275594e-03
2.515971605149236723e+02 2.081620528594212942e+02 5.696058327637274887e-04
2.516012759170653794e+02 2.081479551150603697e+02 1.381294144452039230e-03
2.515490003417635023e+02 2.081337576896787311e+02 1.808498519024834793e-03
2.514881521986785060e+02 2.079698678514467929e+02 2.164502164502164500e-03
2.514218215994531818e+02 2.056797960811118742e+02 4.272043745727956572e-05
2.512695802005012524e+02 2.051331453634085165e+02 2.064821143768512390e-03
2.511677773980405561e+02 2.044938624971519801e+02 1.068010936431989123e-03
2.512396758942811630e+02 2.046645733652312629e+02 1.395534290271132358e-03
2.516358225108225213e+02 2.056467874231032056e+02 1.096491228070175378e-03
2.518185378218273058e+02 2.070698621553884777e+02 0.000000000000000000e+00
2.518339314194577412e+02 2.075865231259968198e+02 5.211893369788106814e-03
2.517663904078377755e+02 2.078070033037138273e+02 2.520505809979494208e-03
2.517389923672818384e+02 2.080273980405559371e+02 2.520505809979494208e-03
2.515189393939394051e+02 2.070365117338801610e+02 2.848029163818637443e-04
2.515724823422191889e+02 2.070981573251310124e+02 1.196172248803827705e-03
2.515140123034859982e+02 2.069990886306675861e+02 9.683299156983367958e-04
2.514979494190020546e+02 2.069678742310321127e+02 3.275233538391432897e-04
2.515123462064251498e+02 2.069882233994076159e+02 8.259284575074048694e-04
2.514664074960127493e+02 2.069235873775347443e+02 6.265664160401002158e-04
2.515433612440191382e+02 2.071071143768512286e+02 9.113693324219639602e-04
2.516621525404420083e+02 2.080417805878332160e+02 4.143882433356117258e-03
2.518076156299840420e+02 2.089473399407609975e+02 2.121781727044884901e-03
2.517340510366826152e+02 2.096457336523126003e+02 2.534745955798587552e-03
2.513345152654363233e+02 2.096708247892458417e+02 9.968102073365230509e-04
2.511904619503303593e+02 2.094279875825928343e+02 2.136021872863978082e-04
2.511962007290954659e+02 2.094267629300524050e+02 2.705627705627705625e-04
2.510819377990430610e+02 2.092676577808156821e+02 1.851218956482114447e-04
2.511452779676463933e+02 2.092822539302802340e+02 1.281613123718386904e-04
2.511446086807928850e+02 2.092437628161312375e+02 1.281613123718386904e-04
2.511764211665527569e+02 2.092423388015493231e+02 1.424014581909318722e-04
2.513002107541581154e+02 2.093977842333105457e+02 2.848029163818637443e-04
2.511310093415356448e+02 2.090549812030075145e+02 3.702437912964228893e-04
2.514487639553429119e+02 2.047299925951241732e+02 1.139211665527454977e-03
2.511474851902483465e+02 2.032651087947140525e+02 4.927090453406242528e-03
2.510378787878787818e+02 2.014454175210754272e+02 7.248234221918432515e-03
2.511223798131692888e+02 2.014159261790840674e+02 6.835269993164729864e-03
2.512148695602643045e+02 2.015268711551606202e+02 8.444406470722259569e-03
2.513560890863522559e+02 2.043638926862610958e+02 2.563226247436773807e-03
2.514183470038733219e+02 2.044844640009113732e+02 5.197653223969013470e-03
2.514126224652540316e+02 2.045076611984506769e+02 4.385964912280701511e-03
2.514186460469355211e+02 2.045959073820915819e+02 3.916040100250626349e-03
2.514466136933242240e+02 2.047349481658692127e+02 4.556846662109819909e-03
2.514554853041695139e+02 2.048772357028935858e+02 1.751537935748462066e-03
2.515005838459785821e+02 2.051658549783549859e+02 2.548986101617680463e-03
2.516235332649806367e+02 2.057593272955114969e+02 1.238892686261107304e-03
2.517920084301663337e+02 2.077993705855547830e+02 1.025290498974709523e-03
2.516411625655046578e+02 2.098103497379813120e+02 0.000000000000000000e+00
2.517050153793574907e+02 2.110268284347231713e+02 2.177318295739348250e-02
2.516643455228981452e+02 2.115497693096377247e+02 2.412280701754385831e-02
2.516321200729095438e+02 2.116280189109136529e+02 1.666097060833902910e-02
2.515487297789929357e+02 2.113848257006151812e+02 6.991911597174754918e-03
2.515443295739348457e+02 2.087496582365003519e+02 0.000000000000000000e+00
2.515891148325358984e+02 2.087956681476418339e+02 1.865459102301207520e-03
2.515986557302346682e+02 2.088025176577808111e+02 2.492025518341307953e-03
2.515911084529505501e+02 2.088104494190020546e+02 2.933470038733196426e-03
2.515979152426520784e+02 2.088804112554112464e+02 1.808498519024834793e-03
2.515111357940305368e+02 2.086966136933242240e+02 1.609136477557530139e-03
2.514241142629300612e+02 2.084473399407609975e+02 1.566416040100250540e-03
2.513408663704716446e+02 2.083241199589883763e+02 7.404875825928457786e-04
2.513841706539074892e+02 2.053814792663476965e+02 1.139211665527454950e-04
2.513379186602870732e+02 2.020697055137844700e+02 3.944520391888813038e-03
2.512100848712690890e+02 2.002683413078149783e+02 1.028138528138528192e-02
2.510816529961266781e+02 1.987264610389610482e+02 2.050580997949419046e-02
2.511471149464570658e+02 1.978746582365003519e+02 4.257803599908863146e-03
2.510337206652996258e+02 1.974088203463203399e+02 2.264183185235816610e-03
2.512089741398951901e+02 1.977784518113465424e+02 5.895420369104579540e-03
2.514194292549555598e+02 1.982803315105946638e+02 1.096491228070175378e-02
2.515720693779904309e+02 2.016662252221462666e+02 2.392344497607655409e-03
2.516024151287309110e+02 2.017661056049213926e+02 4.556846662109819909e-03
2.515482740943267288e+02 2.019077238550922857e+02 3.944520391888813038e-03
2.515133572567783062e+02 2.019119104579631028e+02 4.044201412622465582e-03
2.514613807245386283e+02 2.018453662565504771e+02 3.901799954431533438e-03
2.513895534290271030e+02 2.016856203007518786e+02 3.488835725677830787e-03
2.513382604237867497e+02 2.016042236272499508e+02 2.805308726361358061e-03
2.514423274094326644e+02 2.017916381863750246e+02 3.132832080200501079e-03
2.514964969241285075e+02 2.023041125541125496e+02 2.506265664160400863e-03
2.515574020277967691e+02 2.031388414217361458e+02 6.408065618591934519e-04
2.517009569377990488e+02 2.055558640920482958e+02 4.699248120300751619e-04
2.516723912052859475e+02 2.061794115971747487e+02 2.890749601275917260e-03
2.517069377990430610e+02 2.065466507177033577e+02 3.702437912964228893e-04
2.517451725905673356e+02 2.066763357256778306e+02 7.404875825928457786e-04
2.517464257233993976e+02 2.067256208703577158e+02 9.398496240601503238e-04
2.516195317840054599e+02 2.064857028935976189e+02 6.550467076782865794e-04
2.513418347003873237e+02 2.049969810890863471e+02 2.563226247436773807e-04
2.515007832080200387e+02 2.053629101161996005e+02 4.841649578491683979e-04
2.516126395534290339e+02 2.055366968557758014e+02 4.841649578491683979e-04
2.518581823877876502e+02 2.066524407609933860e+02 5.126452494873547615e-03
2.520007262474367735e+02 2.071154306220095691e+02 1.240316700843016595e-02
2.518788875598086179e+02 2.074563397129186626e+02 1.607712462975620718e-02
2.516599310776942389e+02 2.080995670995671105e+02 9.711779448621553346e-03
2.515698479152426614e+02 2.086423444976076667e+02 1.093643198906356882e-02
2.514996439963545356e+02 2.082532182729551096e+02 7.575757575757575968e-03
2.515195089997721709e+02 2.083236642743221694e+02 8.259284575074049561e-03
2.514324020277967691e+02 2.080865658464342687e+02 5.311574390521759358e-03
2.514761904761904816e+02 2.040871354522670345e+02 1.424014581909318688e-05
2.514124658236500238e+02 2.039388243335611719e+02 5.696058327637274751e-05
2.514038220551378515e+02 2.038867623604465678e+02 8.544087491455913143e-05
2.513743307131464917e+02 2.038175837320574146e+02 8.544087491455913143e-05
2.511515721120984210e+02 2.031808925723399284e+02 0.000000000000000000e+00
2.511120699475962681e+02 2.031202722715880498e+02 0.000000000000000000e+00
2.511460754158122484e+02 2.031378588516746504e+02 6.977671451355661790e-04
2.511063311688311614e+02 2.030150233538391547e+02 7.547277284119389062e-04
2.510411967418546340e+02 2.028411938938254764e+02 8.116883116883117418e-04
2.510019936204146802e+02 2.026540214171793082e+02 8.544087491455912330e-04
2.509468842560947905e+02 2.022611785144679857e+02 4.272043745727956572e-05
2.510015094554568122e+02 2.023288192071086939e+02 8.259284575074048694e-04
2.510093272955114969e+02 2.023375768967874251e+02 7.404875825928457786e-04
2.510003987240829417e+02 2.022653935976304354e+02 9.825700615174299234e-04
2.514180906812485716e+02 1.992068238778765021e+02 3.973000683526999727e-03
2.513525148097516535e+02 1.991007063112326136e+02 3.460355434039644532e-03
2.513550780359990995e+02 1.990691643882433368e+02 3.204032809295967368e-03
2.513087263613579410e+02 1.988643768512189638e+02 2.791068580542264716e-03
2.515354722032353720e+02 2.008621838687628269e+02 3.802118933697880895e-03
2.516015464798359460e+02 2.012104835953520023e+02 8.643768512189564657e-03
2.516345693779904309e+02 2.024713203463203399e+02 1.965140123034859847e-03
2.515680251765778053e+02 2.046338573706994737e+02 3.702437912964228893e-04
2.516972117794486223e+02 2.056940789473684106e+02 3.673957621326042530e-03
2.517121496924128508e+02 2.078843700159489742e+02 3.118591934381408168e-03
2.516354807473228448e+02 2.091890094554568122e+02 2.050580997949419046e-03
2.516518569150148039e+02 2.097064393939394051e+02 9.854180906812485055e-03
2.516217817270448904e+02 2.099702665755297346e+02 7.390635680109364225e-03
2.513406954887217921e+02 2.091456339712918577e+02 5.126452494873547615e-04
2.512860560492139541e+02 2.068693893825472685e+02 0.000000000000000000e+00
2.512173046251993753e+02 2.053864348370927360e+02 3.844839371155160494e-03
2.511753531556163068e+02 2.044441928685349694e+02 1.367053998632946103e-03
2.510875199362041599e+02 2.031460754158122484e+02 1.096491228070175378e-03
2.514152426520847712e+02 1.991562286397812613e+02 3.916040100250626349e-03
2.509582621326042329e+02 1.971037394622920829e+02 9.612098427887901669e-03
2.509321314650262025e+02 1.953656157439052095e+02 6.821029847345636520e-03
2.510080314422419576e+02 1.954426691729323409e+02 9.313055365686944906e-03
2.514458874458874504e+02 1.977266034404192396e+02 5.909660514923672885e-03
2.514514268626110720e+02 1.977446172248803862e+02 5.639097744360901943e-03
2.513653167008430103e+02 2.000491997038049590e+02 5.510936431989063577e-03
2.514329431533379022e+02 2.021162992709045341e+02 2.258487126908179446e-02
2.514997436773752497e+02 2.023360104807473192e+02 2.285543403964456627e-02
2.514798644338117981e+02 2.036973684210526301e+02 2.064821143768512390e-03
2.515150091136933383e+02 2.037901999316472939e+02 2.435064935064935009e-03
2.515502677147414090e+02 2.039903167008430103e+02 3.232513100934153623e-03
2.516213118022328672e+02 2.051224225336067377e+02 5.838459785828207247e-04
2.516530815675552617e+02 2.052500142401458163e+02 2.990430622009569261e-04
2.514777284119389265e+02 2.048924441786283808e+02 8.544087491455913143e-05
2.515530018227386790e+02 2.050184267486899046e+02 1.993620414673046265e-04
2.516686033264980722e+02 2.056239035087719174e+02 4.243563454089769801e-03
2.514270904534062367e+02 2.073790869218500745e+02 1.424014581909318688e-05
2.515307302346776055e+02 2.075458390293916580e+02 9.968102073365230509e-04
2.515723114604693649e+02 2.076053058783321887e+02 1.238892686261107304e-03
2.516180223285486477e+02 2.076588630667578173e+02 1.523695602642971157e-03
2.516666809068124735e+02 2.077657353611301119e+02 2.207222601959444100e-03
2.516190476190476204e+02 2.076649863294600209e+02 2.463545226703121264e-03
2.516576953748006247e+02 2.076894081795397540e+02 2.477785372522214608e-03
2.516339570517202162e+02 2.076786995898837915e+02 2.007860560492139446e-03
2.514094326725905546e+02 2.072222886762360474e+02 1.110731373889268722e-03
2.514409745955798599e+02 2.044342532467532578e+02 3.987240829346092529e-04
2.513163590795169853e+02 2.041785002278423349e+02 1.708817498291182629e-04
2.513194776714513523e+02 2.041023012075643521e+02 8.544087491455913143e-05
2.511503759398496243e+02 2.024452323991797584e+02 1.267372977899293776e-03
2.515828349282296585e+02 1.990670710868079425e+02 1.076555023923445042e-02
2.513040983139667333e+02 1.983997920938710422e+02 8.928571428571428076e-03
2.512269024834814388e+02 1.976147470950102445e+02 6.991911597174754918e-03
2.510724823422191889e+02 1.970707450444292590e+02 5.496696286169970233e-03
2.511978525860104696e+02 1.972305479608111227e+02 7.490316700843016769e-03
2.515347601959444148e+02 1.979949162679425854e+02 7.703918888129414333e-03
2.515668432444748248e+02 1.981865601503759535e+02 6.450786056049213901e-03
2.515288505354294841e+02 2.009493905217589429e+02 1.381294144452039230e-03
2.512644822282980215e+02 2.004013727500569644e+02 4.001480975165185548e-03
2.512393768512189638e+02 2.002894167236272551e+02 1.979380268853953191e-03
2.513154761904762040e+02 2.003776059466848949e+02 2.876509455456823915e-03
2.513662423103212689e+02 2.004553856231487714e+02 3.346434267486899077e-03
2.515230832763727449e+02 2.043852956254272044e+02 0.000000000000000000e+00
2.516183498519024795e+02 2.050457108680792828e+02 3.574276600592389986e-03
2.515997664616085672e+02 2.055162622465254003e+02 3.132832080200501079e-03
2.517037052859421351e+02 2.066864319890635784e+02 1.068010936431989123e-03
2.517598399407609975e+02 2.069170653907495989e+02 1.139211665527454977e-03
2.517397186147186119e+02 2.069504442925495482e+02 1.794258373205741665e-03
2.516425865800865722e+02 2.068021616541353467e+02 1.295853269537480031e-03
2.515083162451583405e+02 2.065516347687400298e+02 9.683299156983367958e-04
2.513747579175210660e+02 2.029121952608794572e+02 0.000000000000000000e+00
2.512639838231943372e+02 2.027961380724538571e+02 0.000000000000000000e+00
2.513087263613579410e+02 2.028661995898837915e+02 1.993620414673046265e-04
2.513500797448165827e+02 2.029430394167236216e+02 2.278423331054909900e-04
2.514385680109364216e+02 2.034718187514240242e+02 1.566416040100250540e-04
2.515301036682615745e+02 2.062783378901799836e+02 6.692868534973798154e-04
2.515176293005240495e+02 2.062679568238778813e+02 2.378104351788562498e-03
2.513243905217589429e+02 2.018469041922989220e+02 1.637616769195716611e-03
2.513340026201868227e+02 1.997964086352244237e+02 1.267372977899293603e-02
2.513305992253360728e+02 2.003530986557302356e+02 1.527967646388699030e-02
2.513964741398951901e+02 2.006186346548188624e+02 8.629528366370471312e-03
2.513671109592162338e+02 2.008385309865573163e+02 5.824219640009113685e-03
2.514832393483709154e+02 2.053836437685122007e+02 5.696058327637274751e-05
2.515633971291865976e+02 2.058154477101845430e+02 2.249943039416723699e-03
2.517568210298473446e+02 2.075007832080200387e+02 1.253132832080200432e-03
2.516577096149464694e+02 2.086877990430621992e+02 2.848029163818637443e-04
2.516790413533834680e+02 2.087818979266347696e+02 6.123262702210070883e-04
2.516691017316017280e+02 2.088951213260423856e+02 2.164502164502164500e-03
2.516378730918204667e+02 2.088494816586921843e+02 2.791068580542264716e-03
2.512903565732513016e+02 2.072700074048758268e+02 1.424014581909318722e-04
2.512499145591250738e+02 2.071579089769879261e+02 0.000000000000000000e+00
2.512856715652768287e+02 2.072320716564137513e+02 0.000000000000000000e+00
2.513806106174527315e+02 2.075499829118250261e+02 1.025290498974709523e-03
2.515697767145135515e+02 2.083781470722260281e+02 3.844839371155160711e-04
2.516549043062200894e+02 2.092704346092504011e+02 3.204032809295967368e-03
2.516855918204602460e+02 2.096543916609706173e+02 6.550467076782865794e-04
2.517216478696741717e+02 2.096445659603554361e+02 7.689678742310321422e-04
2.512856858054226450e+02 2.096694577352472209e+02 3.844839371155160711e-04
2.513221548188653571e+02 2.097051577808156821e+02 3.702437912964228893e-04
2.516123832308042836e+02 2.107325843016632518e+02 2.093301435406698646e-03
2.515238664843928120e+02 2.105274977215766796e+02 3.303713830029619478e-03
2.514934780132148546e+02 2.104472117794486223e+02 2.890749601275917260e-03
2.512742936887673864e+02 2.097020391888812867e+02 3.132832080200501079e-04
2.511147470950102445e+02 2.089106430849851961e+02 2.634426976532239662e-03
2.511530103668261518e+02 2.088747579175210660e+02 3.431875142401458276e-03
2.511807928913192143e+02 2.087905132148553093e+02 3.616997038049669586e-03
2.511530530872636007e+02 2.086962576896787311e+02 2.420824789245841664e-03
2.511908321941216684e+02 2.087362582592845683e+02 2.449305080884028353e-03
2.513405246069719681e+02 2.050436745272271537e+02 9.540897698792435598e-04
2.512550694919115983e+02 2.007038904078377755e+02 1.337149692412850296e-02
2.510963915470494499e+02 1.993069463431305621e+02 7.746639325586694366e-03
2.510589114832535813e+02 1.991377449305080916e+02 1.002506265664160345e-02
2.510867652084757253e+02 1.991123974709500999e+02 5.325814536340851835e-03
2.511841393255866990e+02 1.993365658464342687e+02 8.743449532923216333e-03
2.514652540442014015e+02 2.031866028708134024e+02 7.689678742310321422e-04
2.514862867395762009e+02 2.032087605377079171e+02 3.560036454773297075e-03
2.515114063568011034e+02 2.036215396445659565e+02 1.124971519708361850e-03
2.515846861471861473e+02 2.043643768512189638e+02 1.238892686261107304e-03
2.516301691729323409e+02 2.045239946457051587e+02 1.438254727728411958e-03
2.516216250854408827e+02 2.046342560947824154e+02 2.107541581225791556e-03
2.515956795397584926e+02 2.048266119845067124e+02 1.367053998632946103e-03
2.516112012987013031e+02 2.051373177261335172e+02 1.438254727728411958e-03
2.516626224652540316e+02 2.053865060378218175e+02 1.466735019366598213e-03
2.516882689678742224e+02 2.056338431305536574e+02 1.509455456823877812e-03
2.516672077922077904e+02 2.058343871041239481e+02 1.480975165185691557e-03
2.516881265664160310e+02 2.059611528822055107e+02 1.765778081567555193e-03
2.516996468443836932e+02 2.060286938938254764e+02 1.936659831396673592e-03
2.517120215311004756e+02 2.061651999316472939e+02 8.828890407837775966e-04
2.517512816131237230e+02 2.062842760309865469e+02 1.153451811346548105e-03
2.517351048074732205e+02 2.064105149236728209e+02 1.338573706994759631e-03
2.517357598541809125e+02 2.065607484620642538e+02 1.124971519708361850e-03
2.517899720893142046e+02 2.067191700843016520e+02 5.411255411255411251e-04
2.518328206880838422e+02 2.068373917748917847e+02 9.256094782410571962e-04
2.518507632718159073e+02 2.068939678742310377e+02 1.167691957165641449e-03
2.517697938026885254e+02 2.074106573251310124e+02 1.893939393939393992e-03
2.517216051492367228e+02 2.079088488266119725e+02 1.438254727728411958e-03
2.517553685349737975e+02 2.084478383458646533e+02 2.961950330371383115e-03
2.517021388699020292e+02 2.089055451127819651e+02 3.545796308954203731e-03
2.517421679197994990e+02 2.089509284575074162e+02 5.781499202551834520e-03
2.517349054454317638e+02 2.089182473228525794e+02 5.496696286169970233e-03
2.514466991341991218e+02 2.048074874686716669e+02 7.789359763043973532e-03
2.512616484392800089e+02 2.027244531784005517e+02 1.708817498291182629e-04
2.511468871041239481e+02 2.021902910685805352e+02 1.922419685577580247e-03
2.511578092959671835e+02 2.020897271588061130e+02 2.563226247436773807e-03
2.511149606971975459e+02 2.018668831168831161e+02 3.018910913647755625e-03
2.511675210754158059e+02 2.019656242879927106e+02 3.745158350421508384e-03
2.513610588972431117e+02 2.025917777398040585e+02 1.808498519024834793e-03
2.514285571884256001e+02 2.028679796081111988e+02 2.292663476874003299e-03
2.515205627705627762e+02 2.034371297562086909e+02 4.670767828662565797e-03
2.516114291410343924e+02 2.039754215083162592e+02 5.510936431989063577e-03
2.516707393483709154e+02 2.042460412394623006e+02 4.599567099567099943e-03
2.516309808612440122e+02 2.054034090909090935e+02 2.050580997949419046e-03
2.516697994987468689e+02 2.057479209387104220e+02 1.281613123718386904e-03
2.516864889496468436e+02 2.059411027568922350e+02 6.123262702210070883e-04
2.517086181362497257e+02 2.062178884711779574e+02 7.547277284119389062e-04
2.517601817042606456e+02 2.066899208247892545e+02 6.835269993164730514e-04
2.518125000000000000e+02 2.069597146274777799e+02 1.238892686261107304e-03
2.513595494417862710e+02 2.078599624060150290e+02 4.984051036682615255e-04
2.513841564137616729e+02 2.079051891091364723e+02 6.692868534973798154e-04
2.511177944862155300e+02 2.075088716108452900e+02 1.708817498291182629e-04
2.511251993620414567e+02 2.075177574618363963e+02 1.993620414673046265e-04
2.511867879927090428e+02 2.075898268398268272e+02 1.851218956482114447e-04
2.515213032581453660e+02 2.083000541125541076e+02 6.165983139667350482e-03
2.518000398724082913e+02 2.093199191159717429e+02 9.782980177717020068e-03
2.518033293460925108e+02 2.096890521758942896e+02 1.888243335611756654e-02
2.516689878104351692e+02 2.118048815219867720e+02 1.509455456823877812e-03
2.515981430849851961e+02 2.116922562087035828e+02 3.132832080200501079e-03
2.513926577808156821e+02 2.111917008430166334e+02 3.560036454773297075e-03
2.514093614718614731e+02 2.111883686488949650e+02 3.631237183868762930e-03
2.512862696514012271e+02 2.095472488038277561e+02 0.000000000000000000e+00
2.512513528138528045e+02 2.094785258601048099e+02 0.000000000000000000e+00
2.513113750284802848e+02 2.070089855320118488e+02 1.068010936431989123e-03
2.513373490544543074e+02 2.037248661426293097e+02 7.404875825928457786e-04
2.513161881977671328e+02 2.015365402141717937e+02 9.626338573706995014e-03
2.511755382775119756e+02 2.012144423558897302e+02 9.782980177717020068e-03
2.511815618591934367e+02 2.010113351560719934e+02 8.586807928913191279e-03
2.511607285258600939e+02 2.009257946001366975e+02 4.442925495557074889e-03
2.513181106174527315e+02 2.014512987012986969e+02 4.599567099567099943e-03
2.513210440874914582e+02 2.014592589428115730e+02 4.855889724310776673e-03
2.513481858054226450e+02 2.014966393255866990e+02 3.787878787878787984e-03
2.512730690362269286e+02 2.012562514240145788e+02 2.349624060150375809e-03
2.514409176349965946e+02 1.986047362724994230e+02 3.688197767145135440e-03
2.513895249487354704e+02 1.985210469355206158e+02 4.870129870129870017e-03
2.513931277056277054e+02 1.986849510138983703e+02 4.485645933014354055e-03
2.513913619275461429e+02 2.004055735930735977e+02 1.936659831396673592e-03
2.515591962861699642e+02 2.014111984506721456e+02 1.495215311004784685e-03
2.515740629984051111e+02 2.019440077466393291e+02 3.574276600592389986e-03
2.515303172704488475e+02 2.033147926634768794e+02 3.973000683526999727e-03
2.515768540669856463e+02 2.036430565048986239e+02 1.566416040100250540e-03
2.515330371383003012e+02 2.035580855547960937e+02 1.537935748462064284e-03
2.513913619275461429e+02 2.032993136249715178e+02 1.224652540442014177e-03
2.512781670084301595e+02 2.030228269537479946e+02 1.167691957165641449e-03
2.512828520164046608e+02 2.030357142857142776e+02 1.295853269537480031e-03
2.513057359307359206e+02 2.030647214627477695e+02 1.808498519024834793e-03
2.513119731146046831e+02 2.030741484392800089e+02 1.495215311004784685e-03
2.513647613351560608e+02 2.032274863294600209e+02 2.264183185235816610e-03
2.514817868534973684e+02 2.035527455001139288e+02 1.580656185919343884e-03
2.515455827067669077e+02 2.037372835497835410e+02 1.238892686261107304e-03
2.515589399635452139e+02 2.039090197083618250e+02 2.691387559808612606e-03
2.515924470266575668e+02 2.041781869446343194e+02 1.495215311004784685e-03
2.515794030530872760e+02 2.041847374117110974e+02 1.537935748462064284e-03
2.512426948051948159e+02 2.032350051264525064e+02 4.699248120300751619e-04
2.509506578947368496e+02 2.011514866712235232e+02 4.599567099567099943e-03
2.509670198222829924e+02 2.006402796764638765e+02 6.749829118250170665e-03
2.510082735247208916e+02 2.000929454317612226e+02 6.165983139667350482e-03
2.509624629756208662e+02 1.999418717247664574e+02 5.069491911597175104e-03
2.513728354978354957e+02 2.008978696741854719e+02 3.673957621326042530e-03
2.514276600592390025e+02 2.009643569150148039e+02 4.984051036682615905e-03
2.513886420596946891e+02 2.022940874914559117e+02 5.952380952380952051e-03
2.516470295055821396e+02 2.039789103440419353e+02 2.022100706311232791e-03
2.516396815903394781e+02 2.040535002278423349e+02 1.267372977899293776e-03
2.515809267486899046e+02 2.039789673046252005e+02 1.167691957165641449e-03
2.515707165641376264e+02 2.039690846434267542e+02 1.253132832080200432e-03
2.515676406926406798e+02 2.041466165413533815e+02 1.082251082251082250e-03
2.516268369788106725e+02 2.061944207108680871e+02 4.556846662109819801e-04
2.516889809751651796e+02 2.067278565732513016e+02 7.589997721576669312e-03
2.516938368648895050e+02 2.072915669856459431e+02 3.901799954431533438e-03
2.513282353611301119e+02 2.084351076555024065e+02 0.000000000000000000e+00
2.513307131465026316e+02 2.084385395306447890e+02 5.696058327637274751e-05
2.511403366370471701e+02 2.077394765322396779e+02 0.000000000000000000e+00
2.508967304625199404e+02 2.067242822966507276e+02 1.680337206652996211e-03
2.509933925723399284e+02 2.064807758031442120e+02 1.167691957165641449e-03
2.512891888812941374e+02 2.071254699248120232e+02 1.295853269537480031e-03
2.516412907268170329e+02 2.083645050125313389e+02 1.993620414673046102e-03
2.517035628844839437e+02 2.087344212804739243e+02 6.294144452039188847e-03
2.517584444064707156e+02 2.091291296422875234e+02 6.735588972431077320e-03
2.515597374117110974e+02 2.124029534062428866e+02 2.848029163818637376e-05
2.516180792891319129e+02 2.125040014809751767e+02 8.828890407837775966e-04
2.515626566416040077e+02 2.131438824333561115e+02 2.862269309637730571e-03
2.515395876053770792e+02 2.141539359763044104e+02 1.566416040100250540e-03
2.513207450444292590e+02 2.134505154932786581e+02 1.110731373889268722e-03
2.515907239690134531e+02 2.072606658692185135e+02 1.139211665527454977e-03
2.513562314878104473e+02 2.023714399635452139e+02 2.734107997265892206e-03
2.512212918660287073e+02 2.018297305764411078e+02 4.343244474823422345e-03
2.513241911597174862e+02 1.995170169742538064e+02 7.048872180451127428e-03
2.512787366142629253e+02 1.992249088630667586e+02 8.216564137616769528e-03
2.513087690817953899e+02 1.993192355889724183e+02 5.980861244019138739e-03
2.514478953064479470e+02 2.002791210982000507e+02 4.898610161768056706e-03
2.514944463431305621e+02 2.003807387787651066e+02 5.610617452722716121e-03
2.514575786056049083e+02 2.005313852813852691e+02 6.692868534973798154e-03
2.514791951469583182e+02 2.011618107769423602e+02 4.172362724994303947e-03
2.514909717475507023e+02 2.011628787878787818e+02 5.667578035999088631e-03
2.514732997265892038e+02 2.011312799043062114e+02 6.578947368421052266e-03
2.514695830485304100e+02 2.011301122123490472e+02 6.294144452039188847e-03
2.514277312599681125e+02 2.017116940077466438e+02 5.980861244019138739e-03
2.515754870129870255e+02 2.039361471861471955e+02 1.794258373205741665e-03
2.515486585782638542e+02 2.039177916381863724e+02 2.848029163818637376e-05
2.515829346092504011e+02 2.040351589200273281e+02 5.411255411255411251e-04
2.515826782866256508e+02 2.042588716108452900e+02 3.702437912964228893e-04
2.515542691957165573e+02 2.043864348370927360e+02 3.275233538391432897e-04
2.515475051264525064e+02 2.046445089997721709e+02 5.411255411255411251e-04
2.515745898838003995e+02 2.047080058099794826e+02 8.116883116883117418e-04
2.514868990658464440e+02 2.045555223285486477e+02 8.259284575074048694e-04
2.514863009797220457e+02 2.045512075643654555e+02 9.256094782410571962e-04
2.515755154932786581e+02 2.050507803599908812e+02 2.107541581225791556e-03
2.517680992253360728e+02 2.071885537707906053e+02 5.980861244019138523e-04
2.517717162223741241e+02 2.072821684894053362e+02 1.338573706994759631e-03
2.516540356573251245e+02 2.076159147869674086e+02 3.417634996582365257e-04
2.516421166552745490e+02 2.076390835042150798e+02 5.696058327637274887e-04
2.516092361585782555e+02 2.075918347003873237e+02 3.702437912964228893e-04
2.516530958077010780e+02 2.078482427660059102e+02 8.544087491455912330e-04
2.516599595579858715e+02 2.083484990886306605e+02 1.879699248120300648e-03
2.516945773524720948e+02 2.086378730918204667e+02 1.751537935748462066e-03
2.515629984051036558e+02 2.058575415812258029e+02 8.828890407837775966e-04
2.512946570972886775e+02 2.004132063112326136e+02 8.885850991114149777e-03
2.511400091136933383e+02 2.000779505582137290e+02 8.900091136933241387e-03
2.510148097516518533e+02 1.990247351332877770e+02 4.272043745727956165e-04
2.509348798131692888e+02 1.986073422191843179e+02 3.275233538391432897e-04
2.514364319890635784e+02 2.004905445431761279e+02 4.756208703577124997e-03
2.515126879699247979e+02 2.006377306903622753e+02 7.889040783777626076e-03
2.515478896103896034e+02 2.034961124401913821e+02 2.093301435406698646e-03
2.516035685805422588e+02 2.036057330827067631e+02 3.175552517657780679e-03
2.515675837320574146e+02 2.039964826839826912e+02 2.933470038733196426e-03
2.515772527910685881e+02 2.041002079061289578e+02 3.346434267486899077e-03
2.515171166552745490e+02 2.040134142173615999e+02 2.363864205969469154e-03
2.515228839143312882e+02 2.040077608794714195e+02 2.121781727044884901e-03
2.514835953520164082e+02 2.044821143768512286e+02 4.414445203918887983e-04
2.514323735475051365e+02 2.068270391888812867e+02 5.696058327637274751e-05
2.514461722488038333e+02 2.068527853725222201e+02 2.848029163818637376e-05
2.515061232627022036e+02 2.069165527455001268e+02 2.848029163818637376e-05
2.515410970608338914e+02 2.069413305992253242e+02 4.272043745727956572e-05
2.515943552061973207e+02 2.070020221007063128e+02 2.990430622009569261e-04
2.516627791068580677e+02 2.071595038733196645e+02 2.420824789245841989e-04
2.517462833219412062e+02 2.076170255183413076e+02 3.560036454773297075e-04
2.517918233082706649e+02 2.084429966962861727e+02 1.170539986329460075e-02
2.517732683982683852e+02 2.086936659831396810e+02 1.748689906584643267e-02
2.517765009113693395e+02 2.093906356801093693e+02 4.642287537024379108e-03
2.517057701070858968e+02 2.097650518341307873e+02 2.449305080884028353e-03
2.517390493278651036e+02 2.098933413078149783e+02 4.471405787195260710e-03
2.516092646388698881e+02 2.097239690134426837e+02 3.289473684210526133e-03
2.516194605832763784e+02 2.097561517429938363e+02 3.688197767145135440e-03
2.515419941900205174e+02 2.096649436090225436e+02 3.232513100934153623e-03
2.515496411483253496e+02 2.096763642059694632e+02 2.862269309637730571e-03
2.515615886306675861e+02 2.096679197994987476e+02 3.659717475506949185e-03
2.515560919343814135e+02 2.096580940988835664e+02 4.300524037366142312e-03
2.514377563226247503e+02 2.051202722715880498e+02 1.139211665527454950e-04
2.512130468215994483e+02 2.016720636819321157e+02 2.036340852130325701e-03
2.511166125541125496e+02 2.013018483709273312e+02 7.404875825928457786e-04
2.512478497379813120e+02 2.014335127591706680e+02 9.256094782410571962e-04
2.513767657780815625e+02 2.018563738892686388e+02 1.352813852813852758e-03
2.515246639325586671e+02 2.036042093871041345e+02 8.828890407837775966e-04
2.516966848940533055e+02 2.066024293688767273e+02 9.968102073365231323e-05
2.517542862838915596e+02 2.067976760082023304e+02 2.890749601275917260e-03
2.516874572795625511e+02 2.075018084985190114e+02 2.306903622693096210e-03
2.516680194805194901e+02 2.079954858737753511e+02 7.974481658692185058e-04
2.516597032353611212e+02 2.080170454545454675e+02 2.278423331054909900e-04
2.516496781727044834e+02 2.080234962406015029e+02 3.987240829346092529e-04
2.516653280929596690e+02 2.082642116655274549e+02 8.686488949646844690e-04
2.516938795853269539e+02 2.082649948735474936e+02 1.139211665527454977e-03
2.516644167236272551e+02 2.085696058327637274e+02 1.908179539758487120e-03
2.517026515151515014e+02 2.088821770334928090e+02 1.908179539758487120e-03
2.517442042606516281e+02 2.096998746867167824e+02 2.791068580542264716e-03
2.517348200045568376e+02 2.099126367053998763e+02 2.919229892914103515e-03
2.514134911141489965e+02 2.092310890863522559e+02 1.609136477557530139e-03
2.514298957621326167e+02 2.092326412622465170e+02 1.651856915014809739e-03
2.513886847801321380e+02 2.076690305308726465e+02 0.000000000000000000e+00
2.513141376167691874e+02 2.075877050580998002e+02 0.000000000000000000e+00
2.512737240829346206e+02 2.072841051492367228e+02 0.000000000000000000e+00
2.513175267714741494e+02 2.073527141717931102e+02 1.281613123718386904e-04
2.513701156299840420e+02 2.074641860332649799e+02 1.424014581909318722e-04
2.514259654818865215e+02 2.076521559580770031e+02 4.272043745727956165e-04
2.514699105718842702e+02 2.079069976076555122e+02 3.702437912964228893e-04
2.515297049441786328e+02 2.081344839371155047e+02 6.835269993164730514e-04
2.515357285258600939e+02 2.082062969924812137e+02 6.835269993164730514e-04
2.513348570289359714e+02 2.077050296195033070e+02 3.987240829346092529e-04
2.513496240601503757e+02 2.006846092503987222e+02 7.091592617908407462e-03
2.512395477329687878e+02 1.984906157439052095e+02 1.553599908863066703e-02
2.512259911141489965e+02 1.984279875825928343e+02 2.003588516746411530e-02
2.512553400546821649e+02 1.983886847801321380e+02 1.512303485987696525e-02
2.514622351332877770e+02 1.995526030986557373e+02 5.639097744360901943e-03
2.514732285258600939e+02 2.029840795169742478e+02 5.696058327637274751e-05
2.515225279106857954e+02 2.033759113693324139e+02 2.548986101617680463e-03
2.515458959899749232e+02 2.045518483709273312e+02 6.550467076782865794e-04
2.515978013214855196e+02 2.051270221007063128e+02 2.420824789245841989e-04
2.516544486215538825e+02 2.059627904989746980e+02 1.139211665527454950e-04
2.516978383458646533e+02 2.061903907496012778e+02 0.000000000000000000e+00
2.517395050125313389e+02 2.063413078149920352e+02 1.424014581909318688e-05
2.513563026885395288e+02 2.075894708361813628e+02 2.136021872863978082e-04
2.515312286397812613e+02 2.081400091136933383e+02 2.990430622009569261e-04
2.516021445659603444e+02 2.089684011164274295e+02 1.295853269537480031e-03
2.516994759626338691e+02 2.096238323080428358e+02 1.332877648667122293e-02
2.517821684894053362e+02 2.099330001139211674e+02 2.830940988835725647e-02
2.517684694691273535e+02 2.098876594896331653e+02 1.939507860560492000e-02
2.513897100706311107e+02 2.091769765322396779e+02 4.798929141034404162e-03
2.514125655046707664e+02 2.091321058327637274e+02 3.317953975848712822e-03
2.515066786283891531e+02 2.093974709501025302e+02 3.061631351105035224e-03
2.514753360674413329e+02 2.092937457279562636e+02 2.249943039416723699e-03
2.514737554112554108e+02 2.092924925951241732e+02 1.879699248120300648e-03
2.515113921166552871e+02 2.093205456823877739e+02 1.367053998632946103e-03
2.514338402825244998e+02 2.091971548188653571e+02 1.267372977899293776e-03
2.514754072681704145e+02 2.092309609250398807e+02 1.523695602642971157e-03
2.515152369560264276e+02 2.092589143312827389e+02 1.936659831396673592e-03
2.515038733196628016e+02 2.092074362041467168e+02 2.150262018683071156e-03
2.513051378446115223e+02 2.084444064707222708e+02 7.689678742310321422e-04
2.512989576213260534e+02 2.084235161768056628e+02 3.987240829346092529e-04
2.513751424014581914e+02 2.048027312599681125e+02 1.424014581909318688e-05
2.514603127136021783e+02 2.003068751424014522e+02 4.385964912280701511e-03
2.511082963089542091e+02 1.988912337662337677e+02 4.599567099567099943e-03
2.510591393255866990e+02 1.987034632034632011e+02 8.302005012531327860e-03
2.511207279562542851e+02 1.988684922533606709e+02 7.889040783777626076e-03
2.514853611300979708e+02 2.014517971064023811e+02 3.773638642059694639e-03
2.515736785144679857e+02 2.037706482114376740e+02 3.360674413305992422e-03
2.516082535885167601e+02 2.039950159489633279e+02 2.990430622009569370e-03
2.515594526087947145e+02 2.044662366142629253e+02 2.378104351788562498e-03
2.515750882889040838e+02 2.046150034176349948e+02 2.876509455456823915e-03
2.516434837092731698e+02 2.047553827751196138e+02 2.947710184552289770e-03
2.516449219640009005e+02 2.047563795853269539e+02 2.548986101617680463e-03
2.516530530872636007e+02 2.048206880838459654e+02 3.075871496924128569e-03
2.516622095010253020e+02 2.049420141262246489e+02 3.474595579858737876e-03
2.516640749601275786e+02 2.050587690817953899e+02 3.773638642059694639e-03
2.516597459557985985e+02 2.052783236500341673e+02 4.428685349737981544e-03
2.516382860560492247e+02 2.054454602415128761e+02 4.556846662109819909e-03
2.516437115516062875e+02 2.054502734107997242e+02 4.571086807928913254e-03
2.516654420141262278e+02 2.054619360902255778e+02 5.453975848712691067e-03
2.516731744133059863e+02 2.054872835497835410e+02 6.023581681476417905e-03
2.516819605832763784e+02 2.054816871724766543e+02 6.265664160401002158e-03
2.516835269993164843e+02 2.055092845750740480e+02 4.741968557758031652e-03
2.516466592617908304e+02 2.054768740031898062e+02 4.642287537024379108e-03
2.516614547732968674e+02 2.055206054910002251e+02 3.659717475506949185e-03
2.515563340168603190e+02 2.074897613351560608e+02 3.033151059466848969e-03
2.515886449077238467e+02 2.075261449077238467e+02 4.571086807928913254e-03
2.514819577352472209e+02 2.072921793119161578e+02 2.805308726361358061e-03
2.514779989747094930e+02 2.072795198222829924e+02 2.705627705627705517e-03
2.515267714741399061e+02 2.078037423103212689e+02 1.139211665527454950e-04
2.516358082706767050e+02 2.089908293460925108e+02 4.984051036682615255e-04
2.516561289587605472e+02 2.091750683526999239e+02 7.547277284119389062e-04
2.516468301435406829e+02 2.093650176577808111e+02 7.262474367737525426e-04
2.515549100022784330e+02 2.092257205513784584e+02 8.401686033264981054e-04
2.515084871269081930e+02 2.056834700387331907e+02 1.723057644110275594e-03
2.512515521758942896e+02 2.024371155160628746e+02 4.685007974481658274e-03
2.515512075643654555e+02 1.992733253588516789e+02 4.870129870129870017e-03
2.512454716336295348e+02 1.982589143312827389e+02 6.650148097516518989e-03
2.512084757347915343e+02 1.980215738209159326e+02 5.211893369788106814e-03
2.511583219412166841e+02 1.978000256322624750e+02 6.379585326953748046e-03
2.514539473684210407e+02 2.001799812030075145e+02 4.528366370471633220e-03
2.517738380041011510e+02 2.018348143084985225e+02 1.498063340168603354e-02
2.517497151970836171e+02 2.022560663021189384e+02 2.144565960355434078e-02
2.512685691501480960e+02 2.032874800637958401e+02 6.408065618591934519e-04
2.511445802005012524e+02 2.030622579175210660e+02 2.990430622009569261e-04
2.511065447710184628e+02 2.029808470038733219e+02 2.705627705627705625e-04
2.511449077238550842e+02 2.030313995215311138e+02 4.556846662109819801e-04
2.511853212576896794e+02 2.030835469355206158e+02 4.414445203918887983e-04
2.512134455456823900e+02 2.031316216678058879e+02 5.411255411255411251e-04
2.513486842105263293e+02 2.033244474823422081e+02 1.238892686261107304e-03
2.515036169970380513e+02 2.036312941444520277e+02 3.560036454773297075e-04
2.516330029619503250e+02 2.040537565504670852e+02 9.968102073365230509e-04
2.516749829118250261e+02 2.044412309182046101e+02 2.064821143768512390e-03
2.516726332877648531e+02 2.046084102301207679e+02 3.275233538391433222e-03
2.516775603782182600e+02 2.047746212121212182e+02 2.848029163818637660e-03
2.517199248120300865e+02 2.048784745955798599e+02 2.677147413989519262e-03
2.517421109592162338e+02 2.051425865800865722e+02 3.189792663476874023e-03
2.517625313283207902e+02 2.053195488721804622e+02 3.431875142401458276e-03
2.516432843472317131e+02 2.059042065390749485e+02 1.851218956482114392e-03
2.517364291410343924e+02 2.065480604921394274e+02 2.477785372522214608e-03
2.517921935520619741e+02 2.067715453406243000e+02 4.272043745727956490e-03
2.517964371155160563e+02 2.071284745955798599e+02 4.329004329004329001e-03
2.517375398724082913e+02 2.077071941216678113e+02 3.189792663476874023e-03
2.517288249031670091e+02 2.081337719298245474e+02 6.265664160401002158e-04
2.517099282296650813e+02 2.083548217133743492e+02 1.352813852813852758e-03
2.516529818865345192e+02 2.082899151287309110e+02 1.794258373205741665e-03
2.513178970152654301e+02 2.021276059466848949e+02 1.068010936431989123e-03
2.512423672818409557e+02 1.989396787423103206e+02 3.118591934381408168e-03
2.510707592845750753e+02 1.973568295739348457e+02 4.699248120300751619e-03
2.510612468671679096e+02 1.972191843244474683e+02 2.961950330371383115e-03
2.511016461608566885e+02 1.973645904534062367e+02 4.727728411938938308e-03
2.513392572339940898e+02 2.008359535201640540e+02 5.539416723627250266e-03
2.515287935748462189e+02 2.029708646616541330e+02 1.161995898838004068e-02
2.515157923217133771e+02 2.033916894508999746e+02 1.243164730006835264e-02
2.514640436318067884e+02 2.035418375484165097e+02 4.969810890863522561e-03
2.513468187514240242e+02 2.032972488038277561e+02 3.745158350421508384e-03
2.511336010480747234e+02 2.027355177717019785e+02 1.893939393939393992e-03
2.510681248575985478e+02 2.026148040555935381e+02 1.167691957165641449e-03
2.510778651173388027e+02 2.025789473684210407e+02 1.224652540442014177e-03
2.511039530644793842e+02 2.026488522442469673e+02 1.737297789929368938e-03
2.511974823422191889e+02 2.028339314194577412e+02 1.936659831396673592e-03
2.513662707906129015e+02 2.031738721804511272e+02 2.264183185235816610e-03
2.514374287992709185e+02 2.033282496012759282e+02 2.520505809979494208e-03
2.514750512645249501e+02 2.035124031670084435e+02 2.947710184552289770e-03
2.514958418774208155e+02 2.037172761449077143e+02 3.047391205285942314e-03
2.515237240829346206e+02 2.037725991114149053e+02 3.517316017316017476e-03
2.515731658692185135e+02 2.041157011847801357e+02 3.374914559125085332e-03
2.516309951013898285e+02 2.049083646616541330e+02 2.605946684894053407e-03
2.516983082706767050e+02 2.051363209159261771e+02 3.232513100934153623e-03
2.516740573023467675e+02 2.054790385053542821e+02 2.904989747095010170e-03
2.517041609706083420e+02 2.060244503303713941e+02 2.548986101617680463e-03
2.517350620870357716e+02 2.062254499886078918e+02 2.121781727044884901e-03
2.517737098427888043e+02 2.066135651629072640e+02 2.093301435406698646e-03
2.517919514695830401e+02 2.067290385053542821e+02 3.346434267486899077e-03
2.514195289359763024e+02 2.053626395534290339e+02 1.110731373889268722e-03
2.512253645477329655e+02 2.015993962178172580e+02 1.127819548872180389e-02
2.512385936431988966e+02 2.004461580086580170e+02 4.072681704260651403e-03
2.512764154704944133e+02 2.004479380268853959e+02 3.246753246753246967e-03
2.513479437229437110e+02 2.007013556618819905e+02 6.194463431305536304e-03
2.513819634313055360e+02 2.007826241740715432e+02 7.162793347003873316e-03
2.514218928001822633e+02 2.034054881521986715e+02 1.281613123718386904e-04
2.514693124857598434e+02 2.034476817042606456e+02 5.838459785828207247e-04
2.514588886990202639e+02 2.038336181362497257e+02 4.272043745727956572e-05
2.513146217817270553e+02 2.050281100478468943e+02 5.838459785828207247e-04
2.512876509455456926e+02 2.049709785828206918e+02 4.129642287537024347e-04
2.513457934609250515e+02 2.050285230120756523e+02 5.268853953064478891e-04
2.514455172020961413e+02 2.052081624515834903e+02 1.025290498974709523e-03
2.516423302574618504e+02 2.057824390521759028e+02 4.115402141717931436e-03
2.517442754613807381e+02 2.062918660287081423e+02 7.604237867395761789e-03
2.517657068808384508e+02 2.069403195488721678e+02 3.631237183868762930e-03
2.517992139439507753e+02 2.071627791068580677e+02 4.101161995898838092e-03
2.517922220323536067e+02 2.073122436773752497e+02 3.659717475506949185e-03
2.518394850763271791e+02 2.074447197539302863e+02 3.488835725677830787e-03
2.518561460469355211e+02 2.075264581909318622e+02 2.734107997265892206e-03
2.518581539074960176e+02 2.075867082478924601e+02 3.090111642743221480e-03
2.517796195033037066e+02 2.080182416267942642e+02 5.354294827979038524e-03
2.516765208475734710e+02 2.086873718386876249e+02 3.645477329687855841e-03
2.517288533834586417e+02 2.089434666210981959e+02 7.561517429938482623e-03
2.516517857142857224e+02 2.097652654363180602e+02 2.876509455456823915e-03
2.516569121667805859e+02 2.097718586238323155e+02 3.147072226019594424e-03
2.516662679425837439e+02 2.098370500113921082e+02 2.691387559808612606e-03
2.517033635224424586e+02 2.099272043745727956e+02 3.090111642743221480e-03
2.515324390521759028e+02 2.096717361585782555e+02 1.765778081567555193e-03
2.512666752107541583e+02 2.086840966051492501e+02 2.848029163818637376e-05
2.513220693779904309e+02 2.051474851902483465e+02 6.123262702210070883e-04
2.512520790612895780e+02 2.020812257917521038e+02 3.474595579858737876e-03
2.511011335156071880e+02 2.015673843700159580e+02 2.591706539074960063e-03
2.510860959216222454e+02 2.014257233994076159e+02 4.414445203918888200e-03
2.511012047163362979e+02 2.013868620414673103e+02 4.556846662109819909e-03
2.511325757575757507e+02 2.014150290498974698e+02 5.995101389838232084e-03
2.513435150375939884e+02 2.033695175438596436e+02 2.278423331054909955e-03
2.513491683754841688e+02 2.034056875142401566e+02 6.265664160401002158e-04
2.513534261790840674e+02 2.035586836409204921e+02 7.262474367737525426e-04
2.513994645705172104e+02 2.037426520847573386e+02 9.256094782410571962e-04
2.514273894964684359e+02 2.038848684210526301e+02 3.417634996582365257e-04
2.514518683071314626e+02 2.039333418774208155e+02 6.123262702210070883e-04
2.514388100934153556e+02 2.038921736158578142e+02 2.848029163818637443e-04
2.514234307359307365e+02 2.038850108225108215e+02 3.560036454773297075e-04
2.514880667578036082e+02 2.040404562542720441e+02 1.808498519024834793e-03
2.515677118933697898e+02 2.052314878104351692e+02 4.442925495557074889e-03
2.516511733880154793e+02 2.056751253132832176e+02 1.082251082251082250e-03
2.516701982228298107e+02 2.058253446115288341e+02 1.238892686261107304e-03
2.516521132376395542e+02 2.058002961950330416e+02 1.537935748462064284e-03
2.515772243107769555e+02 2.056986642743221694e+02 9.398496240601503238e-04
2.515932159945317892e+02 2.057081197311460414e+02 9.256094782410571962e-04
2.515916495784916833e+02 2.057160514923672849e+02 9.683299156983367958e-04
2.516210554796081169e+02 2.057509256094782302e+02 1.124971519708361850e-03
2.516448507632718190e+02 2.065808982683982720e+02 5.268853953064478891e-04
2.517180166324903041e+02 2.074285856687172611e+02 1.851218956482114447e-04
2.517628730918204667e+02 2.075467503987240718e+02 3.987240829346092529e-04
2.516959159261790830e+02 2.082511534518113478e+02 4.841649578491683979e-04
2.517233994076099464e+02 2.088535828206880751e+02 9.825700615174299234e-04
2.517063966735019278e+02 2.096325757575757507e+02 4.272043745727956165e-04
2.517716735019366467e+02 2.099970095693779797e+02 2.321143768512189554e-03
2.516382006151742985e+02 2.097440333789018041e+02 1.680337206652996211e-03
2.515268284347231713e+02 2.067752904989746980e+02 1.979380268853953191e-03
2.511098769651401312e+02 2.022166353383458670e+02 1.213260423786739588e-02
2.510218728639781318e+02 2.017941444520391769e+02 8.259284575074049561e-03
2.510532866256550335e+02 2.017547134882661339e+02 5.169172932330826781e-03
2.510566330599225466e+02 2.017697226019594439e+02 4.400205058099794855e-03
2.511058185235816893e+02 2.017907552973342433e+02 4.485645933014354055e-03
2.514017287537024288e+02 2.034165812257917594e+02 7.120072909546594150e-04
2.515065789473684106e+02 2.035807273866484479e+02 5.126452494873547615e-03
2.512831510594668600e+02 2.047540726817042582e+02 3.987240829346092529e-04
2.511880553656869495e+02 2.046150746183641047e+02 2.990430622009569261e-04
2.511714228753702400e+02 2.045826498063340182e+02 4.699248120300751619e-04
2.512149550011392023e+02 2.046273353839143283e+02 4.556846662109819801e-04
2.512584586466165320e+02 2.046809352927774057e+02 7.974481658692185058e-04
2.514401059466848949e+02 2.050159062428799359e+02 7.547277284119389062e-04
2.515810121895648308e+02 2.055663021189336916e+02 4.841649578491683979e-04
2.516919714057872000e+02 2.060060520619731221e+02 3.844839371155160711e-04
2.517447169059011287e+02 2.062008002961950410e+02 7.404875825928457786e-04
2.517825529733424332e+02 2.063794571656413837e+02 1.409774436090225486e-03
2.518142942583731951e+02 2.065003560036454644e+02 1.822738664843927920e-03
2.518297163362952915e+02 2.067871383002961920e+02 2.121781727044884901e-03
2.518276515151515014e+02 2.070268141945773550e+02 3.204032809295967368e-03
2.518613437001594946e+02 2.072125484164957925e+02 1.780018227386648538e-03
2.518650034176349948e+02 2.072719013442697644e+02 1.580656185919343884e-03
2.518357968785600463e+02 2.074528366370471701e+02 3.574276600592389986e-03
2.517088886990202639e+02 2.079268198906356702e+02 1.908179539758487120e-03
2.517167065390749485e+02 2.082549555707450395e+02 3.275233538391433222e-03
2.517072938026885254e+02 2.084157552973342433e+02 1.324333561175666503e-03
2.517070374800638035e+02 2.085034888357256762e+02 9.256094782410571962e-04
2.515291922989291322e+02 2.082086181362497257e+02 5.980861244019138523e-04
2.515386477557530327e+02 2.082155388471177844e+02 5.411255411255411251e-04
2.515539131920710929e+02 2.060168318523581661e+02 0.000000000000000000e+00
2.513459643426748755e+02 2.028811802232854973e+02 2.150262018683071156e-03
2.510397869674185358e+02 2.021898069036226957e+02 9.540897698792435598e-04
2.510518768512189638e+02 2.021045653907495989e+02 8.686488949646844690e-04
2.511531385281385269e+02 2.023899236728184121e+02 9.540897698792435598e-04
2.512368421052631504e+02 2.024782980177716922e+02 1.480975165185691557e-03
2.515832906128958655e+02 2.042373262702210184e+02 7.832080200501252698e-04
2.515895989974937379e+02 2.043109763043973430e+02 1.694577352472089338e-03
2.515695488721804622e+02 2.045981146046935635e+02 1.196172248803827705e-03
2.515814251537935888e+02 2.048483851674641016e+02 1.224652540442014177e-03
2.515736357940305368e+02 2.049020989974937379e+02 1.552175894281157412e-03
2.515965909090909065e+02 2.049341108452950664e+02 1.751537935748462066e-03
2.516129101161996005e+02 2.049953007518797108e+02 1.238892686261107304e-03
2.516278337890180126e+02 2.050146958304852944e+02 1.381294144452039230e-03
2.516301691729323409e+02 2.050229693552061860e+02 1.723057644110275594e-03
2.516142059694691397e+02 2.053706709956709915e+02 1.025290498974709523e-03
2.516821599453178351e+02 2.057084472544998732e+02 1.124971519708361850e-03
2.517498148781043597e+02 2.061061745272271537e+02 1.224652540442014177e-03
2.517728554340396556e+02 2.068021901344269793e+02 5.268853953064478891e-04
2.518195061517429849e+02 2.069168517885623260e+02 6.977671451355661790e-04
2.516963716108452900e+02 2.073848257006151812e+02 2.050580997949419046e-03
2.517196542492595199e+02 2.075698336750968451e+02 1.822738664843927920e-03
2.516722345636819398e+02 2.078791154021417071e+02 1.537935748462064284e-03
2.516938938254727702e+02 2.080087434495329148e+02 1.409774436090225486e-03
2.516935805422647547e+02 2.080887730690362218e+02 1.780018227386648538e-03
2.517023382319434859e+02 2.081502050580998002e+02 1.637616769195716611e-03
2.515107940305308603e+02 2.078676948051948159e+02 1.409774436090225486e-03
2.515371525404420083e+02 2.078962747778537334e+02 1.893939393939393992e-03
2.515651771474139764e+02 2.079244417862838930e+02 2.306903622693096210e-03
2.516224794941900313e+02 2.079732570061517549e+02 2.349624060150375809e-03
2.514946457051720188e+02 2.077841763499658327e+02 2.221462747778537444e-03
2.514492481203007515e+02 2.077109962406015029e+02 1.509455456823877812e-03
2.512831368193210437e+02 2.065090567327409303e+02 8.544087491455913143e-05
2.513609734563681855e+02 2.020398866484392784e+02 1.025290498974709523e-03
2.512951982228298107e+02 1.995039872408293320e+02 1.879699248120300648e-03
2.512816273638642031e+02 1.993537537024378992e+02 2.563226247436773807e-03
2.512847601959444148e+02 1.991909318751424109e+02 2.748348143084985117e-03
2.512411568694463426e+02 1.987763442697653318e+02 2.207222601959444100e-03
2.512293802688539586e+02 2.012681134654818891e+02 2.449305080884028353e-03
2.512607797903850440e+02 2.012964371155160563e+02 3.616997038049669586e-03
2.513913049669628492e+02 2.016227073365231206e+02 4.300524037366142312e-03
2.515427061973114746e+02 2.053216706539074892e+02 2.548986101617680463e-03
2.515204346092504011e+02 2.053322510822510765e+02 2.221462747778537444e-03
2.514143170426065126e+02 2.050588972431077650e+02 1.723057644110275594e-03
2.514340396445659565e+02 2.050857541581225689e+02 2.235702893597630355e-03
2.514696400091137036e+02 2.052112098427888043e+02 1.751537935748462066e-03
2.515027910685805352e+02 2.053736044657097182e+02 1.723057644110275594e-03
2.515293916609706173e+02 2.054605832763727449e+02 1.395534290271132358e-03
2.515831054910002251e+02 2.056515721120984210e+02 1.438254727728411958e-03
2.516495072909546593e+02 2.058491398951925362e+02 1.124971519708361850e-03
2.516805365686944640e+02 2.061108595352016266e+02 1.153451811346548105e-03
2.517025945545682362e+02 2.061639752791068645e+02 8.544087491455912330e-04
2.517122066529961160e+02 2.063070033037138273e+02 7.120072909546594150e-04
2.517666324903167094e+02 2.063991797676008275e+02 9.968102073365230509e-04
2.517354892914103459e+02 2.063607883344725451e+02 1.238892686261107304e-03
2.517490316700842925e+02 2.063756977671451409e+02 1.238892686261107304e-03
2.517509683299157075e+02 2.063739889496468436e+02 1.438254727728411958e-03
2.517654220779220680e+02 2.064266774891774787e+02 1.737297789929368938e-03
2.517910543403964425e+02 2.064477671451355718e+02 2.235702893597630355e-03
2.518021474139895304e+02 2.067282125768967944e+02 1.623376623376623484e-03
2.514310919343814135e+02 2.093720950102529059e+02 6.265664160401002158e-04
2.514706937799043089e+02 2.093938254727728463e+02 4.556846662109819909e-03
2.514375569605832652e+02 2.096929966962861727e+02 2.548986101617680463e-03
2.514055166324903041e+02 2.095864376851218935e+02 2.150262018683071156e-03
2.513227386648439392e+02 2.049639866712235232e+02 4.329004329004329001e-03
2.512751908179539839e+02 2.037697795625427091e+02 1.424014581909318722e-04
2.513826184780132280e+02 1.999903879015721202e+02 9.398496240601503238e-04
2.514133344725449888e+02 2.000179568238778813e+02 1.737297789929368938e-03
2.514092617908407306e+02 2.000513072453861980e+02 2.534745955798587552e-03
2.514269195716564127e+02 2.017253075871497003e+02 3.346434267486899077e-03
2.514536198450672089e+02 2.018146645021645043e+02 3.901799954431533438e-03
2.514629329004328895e+02 2.020285942128047338e+02 4.813169286853497507e-03
2.514493478013214940e+02 2.021938368648895050e+02 4.115402141717931436e-03
2.514472260195944386e+02 2.021937799043062114e+02 3.930280246069719693e-03
2.513927289815447637e+02 2.021106032125769048e+02 3.317953975848712822e-03
2.514340681248575891e+02 2.022184011164274295e+02 3.844839371155160494e-03
2.515087434495329148e+02 2.025234392800182377e+02 4.086921850079744747e-03
2.515573735475051365e+02 2.028707421964001014e+02 4.841649578491683328e-03
2.515698336750968451e+02 2.032277996126680364e+02 4.029961266803372237e-03
2.516049213943950917e+02 2.036531812485759758e+02 2.235702893597630355e-03
2.516060748462064112e+02 2.039795084301663337e+02 3.659717475506949185e-03
2.516330456823877739e+02 2.041593329915698405e+02 4.984051036682615905e-03
2.516261819321029805e+02 2.042808156755525317e+02 5.026771474139895071e-03
2.516396815903394781e+02 2.043386733880154793e+02 4.827409432672590851e-03
2.516531242879927106e+02 2.044065419229893052e+02 5.197653223969013470e-03
2.516389411027568883e+02 2.046447510822510765e+02 3.275233538391433222e-03
2.516480975165185612e+02 2.048063055365686864e+02 3.474595579858737876e-03
2.516840823650034054e+02 2.050961779448621485e+02 5.069491911597175104e-03
2.516566843244474683e+02 2.057920369104579663e+02 5.112212349054454270e-03
2.517080770107085925e+02 2.061068010936432131e+02 3.830599225336067584e-03
2.517347488038277561e+02 2.064560264297106471e+02 3.147072226019594424e-03
2.515379215083162592e+02 2.061431561859193380e+02 7.974481658692185058e-04
2.514491626794258252e+02 2.020221719070403310e+02 6.251424014581909681e-03
2.511379158122579156e+02 2.007616911597174862e+02 2.848029163818637660e-03
2.510667720437457149e+02 2.005407268170426107e+02 3.930280246069719693e-03
2.511232057416268049e+02 2.005271701982228194e+02 2.876509455456823915e-03
2.511818751424014522e+02 2.006490088858510035e+02 3.588516746411483330e-03
2.514118392572339928e+02 2.024952437912964172e+02 1.295853269537480031e-03
2.511859763043973430e+02 2.028185947824105710e+02 2.064821143768512390e-03
2.512816558441558357e+02 2.029996297562086909e+02 2.548986101617680463e-03
2.513321798815219950e+02 2.030759854180906814e+02 3.346434267486899077e-03
2.513711409204830147e+02 2.031371610845295095e+02 4.414445203918888200e-03
2.513886847801321380e+02 2.031584073820915819e+02 4.457165641376167366e-03
2.513552489177489235e+02 2.031035685805422588e+02 4.229323308270676457e-03
2.513997636135794096e+02 2.031741997038049590e+02 4.642287537024379108e-03
2.515134854180906814e+02 2.034296964000911316e+02 4.072681704260651403e-03
2.515666296422875234e+02 2.036532524493050857e+02 4.898610161768056706e-03
2.516597032353611212e+02 2.041626509455456926e+02 4.442925495557074889e-03
2.516929682159945401e+02 2.049439935064935128e+02 6.835269993164730514e-04
2.517237126908179619e+02 2.052115800865800850e+02 1.851218956482114447e-04
2.516969269765322395e+02 2.054532923217133771e+02 2.705627705627705625e-04
2.517372550694919084e+02 2.057982456140350962e+02 8.259284575074048694e-04
2.517592276144907828e+02 2.060902825244930625e+02 5.411255411255411251e-04
2.518094953292321634e+02 2.065937143996354450e+02 7.262474367737525426e-04
2.517482484620642538e+02 2.072017116655274549e+02 3.702437912964228893e-04
2.517208646616541330e+02 2.076358794714057865e+02 7.120072909546594150e-04
2.517585725677830908e+02 2.081242310321257776e+02 5.553656869446343611e-04
2.517767572339940898e+02 2.085243364092048353e+02 8.686488949646844690e-04
2.517912109820004503e+02 2.089989177489177621e+02 1.124971519708361850e-03
2.517413704716336156e+02 2.088716108452950664e+02 1.680337206652996211e-03
2.514611101617680617e+02 2.085161340852130252e+02 4.841649578491683979e-04
2.514308640920482958e+02 2.047672590567327404e+02 1.936659831396673592e-03
2.514385252904989727e+02 2.004899037366142522e+02 2.064821143768512390e-03
2.513097516518569137e+02 2.002490886306675861e+02 1.196172248803827705e-03
2.512826384142173595e+02 2.000830200501253273e+02 8.259284575074048694e-04
2.512565504670767780e+02 1.999432387787651066e+02 6.408065618591934519e-04
2.515174726589200134e+02 2.014863721804511272e+02 8.814650262018683055e-03
2.515770819093187640e+02 2.015823365231260027e+02 9.654818865345181703e-03
2.515377506265664067e+02 2.018533976987924348e+02 6.137502848029163793e-03
2.515115772385509274e+02 2.019141176805650559e+02 6.991911597174754918e-03
2.515351731601731728e+02 2.019628759398496243e+02 7.789359763043973532e-03
2.514685435178856210e+02 2.018711409204830147e+02 6.465026201868307246e-03
2.513812799043062114e+02 2.016899777853725197e+02 5.197653223969013470e-03
2.513274948735474936e+02 2.016302973342447160e+02 5.781499202551834520e-03
2.513500939849623990e+02 2.016742709045340689e+02 6.635907951697425644e-03
2.513993791296422842e+02 2.017585725677830908e+02 4.884370015948963362e-03
2.514697254499886014e+02 2.022155530872636007e+02 7.547277284119389279e-03
2.515236671223513270e+02 2.023130838459785821e+02 8.401686033264981271e-03
2.515475051264525064e+02 2.023723940533151051e+02 7.931761221234906109e-03
2.515697055137844700e+02 2.024575358851674594e+02 6.778309409888357354e-03
2.515789616085668854e+02 2.027703491683754748e+02 5.240373661426292635e-03
2.516177517657780811e+02 2.029024122807017534e+02 5.325814536340851835e-03
2.515560776942355972e+02 2.041326184780132280e+02 3.218272955115060278e-03
2.516634768740031802e+02 2.049576925267714671e+02 1.310093415356573159e-03
2.516753673957621231e+02 2.051581083390293827e+02 2.563226247436773807e-04
2.517158236500341673e+02 2.053107199817726212e+02 4.414445203918887983e-04
2.516956453634085165e+02 2.057626452494873490e+02 2.734107997265892206e-03
2.517200672134882780e+02 2.061078263841421858e+02 2.961950330371383115e-03
2.517487611073137259e+02 2.062292805878332160e+02 3.830599225336067584e-03
