2.524495425526567089e+02 2.102899638063640566e+02 1.915158598501985665e+00
2.519746141858945236e+02 1.338217463429346878e+02 8.640853566581209177e-01
2.517898381340170033e+02 1.348288091288392820e+02 7.975041471874528831e-01
2.514671241140099482e+02 1.278928140551952879e+02 4.841527170361433763e-01
2.515511989141909339e+02 1.440622203790277922e+02 3.247750464987684271e-01
2.516895013321268664e+02 1.562808525612024368e+02 1.943774191926808392e-01
2.510382546624440749e+02 1.328288468305433980e+02 1.923792288744784473e-01
2.513013245865379872e+02 1.513954406072487870e+02 1.829161011411049031e-01
2.516265520534861651e+02 1.830573568591967160e+02 7.772834665460212622e-02
2.519975116875282879e+02 1.881716684260795205e+02 1.118986578193334330e-01
2.515272080631377776e+02 2.005000251344694107e+02 1.286884833861157151e-02
2.515500552958326921e+02 2.079861006384155360e+02 3.267481023475594330e-03
2.513954531744834924e+02 2.076782410898306068e+02 2.865329512893982720e-03
2.514243703815412516e+02 2.076867114060222264e+02 2.324938420549942011e-03
2.514729050419745704e+02 2.031869250490122170e+02 6.032272658724174147e-03
2.515733046800382056e+02 2.038192454632282704e+02 3.556527421706127783e-03
2.516014427185442059e+02 2.041305484341225451e+02 4.461368320514753905e-03
2.514735711054139529e+02 2.005426531945910540e+02 5.177700698738249910e-03
2.513341250691197786e+02 1.989993590710299998e+02 5.353641984617704339e-03
2.514056703362992096e+02 1.953797064293972880e+02 1.474136630975720133e-02
2.514358191323581195e+02 1.900497536821997642e+02 1.793344392499874457e-02
2.516594028050067777e+02 1.857793947619765618e+02 2.977177901774493568e-02
2.517013899361584492e+02 1.870312672799477127e+02 2.211833308198863854e-02
2.516888981048610106e+02 1.874802945759815032e+02 2.934449303775197443e-02
2.516488086261499006e+02 1.877070200573065790e+02 3.143065399889408140e-02
2.513567712260594078e+02 1.871334891670436775e+02 1.963002061026491649e-02
2.514115392349067406e+02 1.872608455235509837e+02 2.419192680842507243e-02
2.515599959784848920e+02 1.899626376112200319e+02 1.778263710853063978e-02
2.515233624893178614e+02 1.899045644196451121e+02 2.361383401196400639e-02
2.515678253657065397e+02 1.904246468607047689e+02 1.841099884381440857e-02
2.514155356155431491e+02 1.950246192127884228e+02 1.603579148444176511e-02
2.514316091087317204e+02 1.952198260694716794e+02 2.184185391846378207e-02
2.516082918614588095e+02 1.975273965716583859e+02 3.745035942291258333e-03
2.515069873824963622e+02 2.010985773890313055e+02 1.420097521741316106e-03
2.515472025335545254e+02 2.012028980043231172e+02 4.775549188156638300e-03
2.515386693811893508e+02 2.014966445483335917e+02 1.771980093500226264e-03
2.515356029759211651e+02 2.015871286382144376e+02 1.960488614085356598e-03
2.513399688332579274e+02 2.011935102799979802e+02 1.219021766450510301e-03
2.512506786306741162e+02 2.010175312924144180e+02 5.906600311667420519e-04
2.511686648569848614e+02 2.008431357764037557e+02 7.037651435178203171e-04
2.511643291610114090e+02 2.008227140200070266e+02 9.802443070426782989e-04
2.510403659578746272e+02 2.002819082089177130e+02 8.420047252802493080e-04
2.510011436183582134e+02 1.999692228422057951e+02 1.080782184688081201e-03
2.511400241290906479e+02 2.001975192278690940e+02 2.727089931131553621e-03
2.513380083446438391e+02 2.007354848439149464e+02 5.139998994621223713e-03
2.512690393605790860e+02 2.005758809631528550e+02 4.360830442869351002e-03
2.513868194842406751e+02 1.980507339265068083e+02 5.592419444025536340e-03
2.512663876740562046e+02 1.937349444528225888e+02 3.350424772533051876e-02
2.509197205047001376e+02 1.925818629668727624e+02 1.190117126627456869e-02
2.509534509626501801e+02 1.926197406122756774e+02 1.366058412506911991e-02
2.509965691449253598e+02 1.926113708339617006e+02 1.220278489921077826e-02
2.513222615995576348e+02 1.938179761725230037e+02 1.235359171567888131e-02
2.514685442115317073e+02 1.945476675212386226e+02 1.539486251445231976e-02
2.515713064897200013e+02 1.953527497109535886e+02 1.897652440556979805e-02
2.515481073744533376e+02 1.953231287387523309e+02 1.794601115970441765e-02
2.516303096566631439e+02 1.987130020610264864e+02 4.411099381692052887e-03
2.516723596239883420e+02 1.989634293470064961e+02 1.208967978685969967e-02
2.516522897501633622e+02 1.989531744834866629e+02 1.432664756446991490e-02
2.515913260946061314e+02 1.995892525008796952e+02 5.479314331674458617e-03
2.516175287789674826e+02 2.007524129090634801e+02 5.227969637560950927e-03
2.512820213140300609e+02 2.025849293721409481e+02 2.689388227014527857e-03
2.513081485949831517e+02 2.026561604584527174e+02 2.701955461720203112e-03
2.512177901774493591e+02 2.025507716282109243e+02 2.815060574071281269e-03
2.510658020409189248e+02 2.023054089378173330e+02 2.651686522897501661e-03
2.512077238224501059e+02 2.024786231337656375e+02 3.833006585230985981e-03
2.514075428542703605e+02 2.027481274820288490e+02 9.940682652189211654e-03
2.517062157542854379e+02 2.032198386367063847e+02 1.758156135323983224e-02
2.517701955461720331e+02 2.050601970542401773e+02 6.007138189312823638e-03
2.518366385160609298e+02 2.057519730558487936e+02 1.451515608505504415e-02
2.517939350525310545e+02 2.065730659025788043e+02 6.648067159302267250e-03
2.518320766098627530e+02 2.068748177750967727e+02 5.944302015784446933e-03
2.517457899763736009e+02 2.077713140300608359e+02 2.148997134670487148e-03
2.517657467450862043e+02 2.077523123711858375e+02 2.815060574071281269e-03
2.517775473784748499e+02 2.077649675765344455e+02 3.455989544060724880e-03
2.516040692705977051e+02 2.055744985673352403e+02 1.394963052329965380e-03
2.513990851053134179e+02 2.040198939325390768e+02 6.157945005780927558e-03
2.511918388377821429e+02 2.033157392047453982e+02 6.836575679887397367e-03
2.511652340019102212e+02 2.026943020157844444e+02 4.172321922284220885e-03
2.511365932740159792e+02 2.026108430101040483e+02 3.543960187000452528e-03
2.511353742522495338e+02 2.025344342230935410e+02 4.046649575227466607e-03
2.511774116523400266e+02 2.026220655506962203e+02 4.172321922284220885e-03
2.512733624893178614e+02 2.028167822852259690e+02 6.547529281656864347e-03
2.513566204192429439e+02 2.029748529633539533e+02 6.446991404011461445e-03
2.514814004926356006e+02 2.034247096968782955e+02 6.195646709897953755e-03
2.516038430603730092e+02 2.040571557834414023e+02 8.168702558688985607e-03
2.517098099834112475e+02 2.044752676820992292e+02 8.520585130447896199e-03
2.518070301110943490e+02 2.055700120645453239e+02 6.409289699894435248e-03
2.518664856984869118e+02 2.066457422208817150e+02 3.506258482883426331e-03
2.518517820338812783e+02 2.065960136731513614e+02 2.299803951138591502e-03
2.518312597396069066e+02 2.066376991906700766e+02 3.229779319358568133e-03
2.516247046699844248e+02 2.062125119388729786e+02 2.186698838787513345e-03
2.511912104760468480e+02 2.043472578293872175e+02 1.508068164681043537e-03
2.512628185793997773e+02 2.044145679384708103e+02 1.621173277032121910e-03
2.513341250691197786e+02 2.046689790378525231e+02 2.475745237018046364e-03
2.513501734278389392e+02 2.046790453928517479e+02 4.122052983461519000e-03
2.513488790026642619e+02 2.046276454029055571e+02 3.745035942291258333e-03
2.515392097722817084e+02 2.052343160910873223e+02 2.639119288191826406e-03
2.516772859799929734e+02 2.073172849746141821e+02 5.026893882270145122e-04
2.516746091590006529e+02 2.073304428693510317e+02 1.219021766450510301e-03
2.516073241843864707e+02 2.072988488413009520e+02 1.922786909968330618e-03
2.515414216055899033e+02 2.071356884331171671e+02 2.450610767606695856e-03
2.514974865530588772e+02 2.048422812044437649e+02 2.061026491730759500e-03
2.513186548031970915e+02 2.043138918212436579e+02 2.991001859950736565e-03
2.512038279796913400e+02 2.036788945860352840e+02 2.739657165837229309e-03
2.512812170110088914e+02 2.038551751872518025e+02 3.342884431709646723e-03
2.516397476499271022e+02 2.048209671743829574e+02 3.694767003468556882e-03
2.518309078570351289e+02 2.063767405620067450e+02 9.676770723370029361e-04
2.518126099633036858e+02 2.068994244206504902e+02 7.967626803398179802e-03
2.517550771628210953e+02 2.071088322525511387e+02 3.204644849947217624e-03
2.517334238174232155e+02 2.073048308450208594e+02 3.317749962298295781e-03
2.516300206102649213e+02 2.061397099482229862e+02 2.513446941135072561e-04
2.516826898909164072e+02 2.062078369275624539e+02 1.771980093500226264e-03
2.516156311265269210e+02 2.061311767958578400e+02 2.148997134670487148e-03
2.515892022319408738e+02 2.061168878499974824e+02 1.445231991152666831e-03
2.515704142160558945e+02 2.061709772281707274e+02 2.324938420549942011e-03
2.515274845423013232e+02 2.061042326446488744e+02 1.596038807620771185e-03
2.516227818830744525e+02 2.063391393957673472e+02 3.393153370532348174e-03
2.517372442567737494e+02 2.072321670939526541e+02 9.098677926908962238e-03
2.518356457045191803e+02 2.081818855878952377e+02 1.998190318202382795e-03
2.517131151661388344e+02 2.089490147287990851e+02 2.463178002312371110e-03
2.513579776805911763e+02 2.089470542401849968e+02 9.299753682199768477e-04
2.512258960438345241e+02 2.086441336148394043e+02 3.016136329362087073e-04
2.512336877293520274e+02 2.086461318051575802e+02 3.770170411702608842e-04
2.511319559644095989e+02 2.084967702206806450e+02 2.136429899964811677e-04
2.511812320916905321e+02 2.085129065500427146e+02 1.633740511737797165e-04
2.511911225054039107e+02 2.084642085155582265e+02 1.885085205851304421e-04
2.512147866083547001e+02 2.084466269542049872e+02 9.928115417483537701e-04
2.513478736238878071e+02 2.086145880460463502e+02 2.048459257025084246e-03
2.511992158045543704e+02 2.082710626853667009e+02 2.287236716432916248e-03
2.515330141255718104e+02 2.039063741014427080e+02 7.314130598703061370e-03
2.512843839541547197e+02 2.023309329915045396e+02 8.759362589855728201e-03
2.511498894083345874e+02 2.004927110038707099e+02 6.346453526366058542e-03
2.512519353541446776e+02 2.005058688986075595e+02 8.595988538681948593e-03
2.513069044387472957e+02 2.006389936158447824e+02 9.852712009249484440e-03
2.514700648469310806e+02 2.034220831448248248e+02 6.660634394007942070e-03
2.515242547629819398e+02 2.035937515709043453e+02 1.471623184034584995e-02
2.515226335897049239e+02 2.036263132760267354e+02 1.054390991806162907e-02
2.515072135927210581e+02 2.037368923742019717e+02 7.590609762227919569e-03
2.515252224400542786e+02 2.039063363997385920e+02 9.236917508671392205e-03
2.515258256673201629e+02 2.040530839993967618e+02 7.276428894586035173e-03
2.515487231689538987e+02 2.043746795355150141e+02 6.446991404011461445e-03
2.516858945357663515e+02 2.050289172070577592e+02 3.732468707585583079e-03
2.518355200321721270e+02 2.069700899814004913e+02 9.048408988086261220e-04
2.516697079374654322e+02 2.090163122706479726e+02 1.105916654099431927e-03
2.517114688583924078e+02 2.103114789121801778e+02 2.598904137133664985e-02
2.516514980143769264e+02 2.108464409591313427e+02 2.886693811893631043e-02
2.516179937666515798e+02 2.109358945357663515e+02 2.033378575378273767e-02
2.515349369124817827e+02 2.106746719951741795e+02 1.009148946865731644e-02
2.515827301060674586e+02 2.078675539134368933e+02 1.043080480571055221e-03
2.516243904891167631e+02 2.079495048509525930e+02 2.815060574071281269e-03
2.516306866737043322e+02 2.079601367315135860e+02 3.430855074649373938e-03
2.516269793394661463e+02 2.079893429849695963e+02 4.021515105816116098e-03
2.516414065249082626e+02 2.080580354898708038e+02 1.897652440556979892e-03
2.515425903584175273e+02 2.078803599256019652e+02 1.608606042326446439e-03
2.514584778565324541e+02 2.076450510229728934e+02 1.570904338209420459e-03
2.513773060875684848e+02 2.074896697330719348e+02 9.676770723370029361e-04
2.514508998140049130e+02 2.045501055647715418e+02 3.619363595234504488e-03
2.513858643744030701e+02 2.011647690142260956e+02 6.095108832252550853e-03
2.512495727140200188e+02 1.992769818529130816e+02 1.886341929321871946e-02
2.512061026491730900e+02 1.977589478711104505e+02 3.180767104006434337e-02
2.512717413160408171e+02 1.968705072135927310e+02 1.660131704619715459e-02
2.511394460362941743e+02 1.963918338108882438e+02 1.461569396270044792e-02
2.513019152465691377e+02 1.967949278640727755e+02 1.681496003619363522e-02
2.514804705172673778e+02 1.973454984165284145e+02 1.567134167797717623e-02
2.516574548836273948e+02 2.007066681747348298e+02 4.825818126979339318e-03
2.516862589855728061e+02 2.008374051173779833e+02 1.011662393806866782e-02
2.516152792439551718e+02 2.010447644900216062e+02 9.739606896898405849e-03
2.515852309857739044e+02 2.010388076207711379e+02 9.990951591011914407e-03
2.515413587694163766e+02 2.009578243603277485e+02 8.168702558688985607e-03
2.514514402050972706e+02 2.007955436585733651e+02 5.780927964610667324e-03
2.513918589453576544e+02 2.007012014276378693e+02 4.599607902277183004e-03
2.514733323279545516e+02 2.009145051022972837e+02 4.260292565223948100e-03
2.515285150555471887e+02 2.014652264615693866e+02 5.705524556376614931e-03
2.515293319258030351e+02 2.022466194138641811e+02 3.556527421706127783e-03
2.517057381993666070e+02 2.047470341326094569e+02 4.360830442869351002e-03
2.516710023626401380e+02 2.053902252048459331e+02 1.196400743980294626e-02
2.516939752676821058e+02 2.057932187201528222e+02 9.475694968079224206e-03
2.517375710048760880e+02 2.059427688131503658e+02 7.288996129291710861e-03
2.517508294374905802e+02 2.059979766752123851e+02 6.208213944603629443e-03
2.516248554768008887e+02 2.057276428894585933e+02 2.287236716432916248e-03
2.513402453124214446e+02 2.041681998693007642e+02 1.822249032322927715e-03
2.515328884532247571e+02 2.045730282008746883e+02 8.797064293972753964e-04
2.516370582617001048e+02 2.047623787261850907e+02 2.148997134670487148e-03
2.518704569446539097e+02 2.059418514050168483e+02 1.833559543558035618e-02
2.519867290001508024e+02 2.064744759463127650e+02 2.238224501080782192e-02
2.518656311265269210e+02 2.068267355351128458e+02 2.157794198964459870e-02
2.516438194339717427e+02 2.074448172724073913e+02 1.205197808274267347e-02
2.515927964610667118e+02 2.079578243603277485e+02 1.570904338209420242e-02
2.515238149097672533e+02 2.075389207258834858e+02 9.714472427487056208e-03
2.515524305031920846e+02 2.076252827627808699e+02 1.097119589805459206e-02
2.514752299803951132e+02 2.073378449705926698e+02 7.314130598703061370e-03
2.515491253204644977e+02 2.032334489518926262e+02 3.933544462876388884e-03
2.514831222037902876e+02 2.030783692756245955e+02 3.946111697582063704e-03
2.514750540391092386e+02 2.030392349067511191e+02 3.707334238174232136e-03
2.514460488614085421e+02 2.029706806414316702e+02 4.222590861106921903e-03
2.512316769717991178e+02 2.022691021967526126e+02 3.179510380535866682e-03
2.511923289599356508e+02 2.022017920876690198e+02 3.141808676418840918e-03
2.512230935504951503e+02 2.022328959935655632e+02 4.247725330518272412e-03
2.511879681294927877e+02 2.021062434022017840e+02 4.587040667571507316e-03
2.511148770924445728e+02 2.019408711607098041e+02 3.292615492886945272e-03
2.510566153923490731e+02 2.017557934951993275e+02 3.330317197003971035e-03
2.509881742321419722e+02 2.014196199668224949e+02 2.073593726436434755e-03
2.510387824863017272e+02 2.014802317398079765e+02 2.915598451716684171e-03
2.510464359322374719e+02 2.014785602975921108e+02 3.229779319358568133e-03
2.510349117780123720e+02 2.014043884783592091e+02 3.179510380535866682e-03
2.514736465088221848e+02 1.982603931031015918e+02 4.448801085809078217e-03
2.514114889659679193e+02 1.981554064243703692e+02 4.536771728748806298e-03
2.513998894083345874e+02 1.981267531292414503e+02 3.719901472879907391e-03
2.513501734278389392e+02 1.979340220177952006e+02 4.285427034635298608e-03
2.515690443874729851e+02 1.999127456894385091e+02 4.700145779922585906e-03
2.516703237319660218e+02 2.002858291861458895e+02 1.612376212738149059e-02
2.516288769919067079e+02 2.016717438294877525e+02 6.484693108128487642e-03
2.516358266726989257e+02 2.037029859749660545e+02 1.193887297039159575e-03
2.517204041622681245e+02 2.049168049062484158e+02 1.046850650982757668e-02
2.517449605388830207e+02 2.070861735283768041e+02 5.642688382848238225e-03
2.516948424068768020e+02 2.084508621123007970e+02 2.287236716432916248e-03
2.516579952747197524e+02 2.090124666968280280e+02 1.070728396923540868e-02
2.516129543055346005e+02 2.093043658573367622e+02 8.495450661036544823e-03
2.514374026039310195e+02 2.082180038204393497e+02 8.797064293972753964e-04
2.513175488865429941e+02 2.061177172874880625e+02 3.455989544060724880e-03
2.512590735434575038e+02 2.044867290001508024e+02 7.213592721057658468e-03
2.512028980043231172e+02 2.035555220429296810e+02 4.008947871110441277e-03
2.511357638365253990e+02 2.022234454330668996e+02 4.473935555220429593e-03
2.514871060171919908e+02 1.981618157140702863e+02 7.113054843412255565e-03
2.510742346554064284e+02 1.961157567988739743e+02 1.616146383149851679e-02
2.510374000904840841e+02 1.942291132559191738e+02 8.872467702206806792e-03
2.511168627155280717e+02 1.943402704468908553e+02 1.152415422510430845e-02
2.514991956969788305e+02 1.967653068918715178e+02 6.409289699894435248e-03
2.515011310511235081e+02 1.967816568642236064e+02 6.660634394007942070e-03
2.514427436786809551e+02 1.991105790981752364e+02 4.008947871110441277e-03
2.514750791735786493e+02 2.012076107173377579e+02 2.556175539134368860e-02
2.515489493791785947e+02 2.014429321872015350e+02 2.194239179610918411e-02
2.515216030764590585e+02 2.027936083044286875e+02 5.190267933443924731e-03
2.515579349519931611e+02 2.029447041672950149e+02 7.251294425174684664e-03
2.515723244357311614e+02 2.031716181571406992e+02 9.123812396320313614e-03
2.516146634494545822e+02 2.043652164077816451e+02 1.294425174684562477e-03
2.516536972804504160e+02 2.045048886543005153e+02 1.357261348212939183e-03
2.515034434223093456e+02 2.041191876539486145e+02 1.055647715276730476e-03
2.515748504499069895e+02 2.042535188257175776e+02 8.922736641029507592e-04
2.516740059317347686e+02 2.048986703865681420e+02 1.007892223395164162e-02
2.514379681294927877e+02 2.066307369426431535e+02 2.764791635248579817e-04
2.515370607751470402e+02 2.068253028703564098e+02 1.093349419393756673e-03
2.515798145076157368e+02 2.068820313678178309e+02 1.533202634092394262e-03
2.516124767506157980e+02 2.069304277886693910e+02 1.922786909968330618e-03
2.516735283768159661e+02 2.070307394560900889e+02 2.727089931131553621e-03
2.516275071633237701e+02 2.069204117026089591e+02 3.003569094656411819e-03
2.516616774744885277e+02 2.069409339968833308e+02 3.267481023475594330e-03
2.516488337606193113e+02 2.069297868596993908e+02 2.940732921128035113e-03
2.514643970240788349e+02 2.064233021665912702e+02 1.206454531744834829e-03
2.515017091439199817e+02 2.034931508570853964e+02 6.811441210476046858e-03
2.513856632986477564e+02 2.032486930075906173e+02 3.129241441713165230e-03
2.513874227115065594e+02 2.031819358568340590e+02 3.041270798773438016e-03
2.511861835821645741e+02 2.015973583672648601e+02 3.016136329362087073e-03
2.516413436887347359e+02 1.981241391444226565e+02 1.201427637862564728e-02
2.513661589503845448e+02 1.974160131704619801e+02 9.639069019253003814e-03
2.512612225405921720e+02 1.966663776202684346e+02 9.576232845724626241e-03
2.511563363997385920e+02 1.960624717237218988e+02 1.002865329512894060e-02
2.512691776001608730e+02 1.962471598049565102e+02 1.126024229628512507e-02
2.516016060925953752e+02 1.971436560599205734e+02 1.445231991152666831e-02
2.516307243754084482e+02 1.972987106017191934e+02 1.153672145980998327e-02
2.516254210023626285e+02 1.999471170763585235e+02 8.595988538681948593e-03
2.513723797315638535e+02 1.994613306188106492e+02 1.038053586688784946e-02
2.513384356306238487e+02 1.993271502538581501e+02 8.231538732217363180e-03
2.514134243201125969e+02 1.994471799125320501e+02 7.263861659880360352e-03
2.514497561956466996e+02 1.995506082541597550e+02 9.148946865731664990e-03
2.515808198863921916e+02 2.034580380033177391e+02 2.739657165837229309e-03
2.516243402201779418e+02 2.042431005881465751e+02 1.325843261448750830e-02
2.515797391042075049e+02 2.047598024430704129e+02 1.031769969335947362e-02
2.517042426984366443e+02 2.059248353692253488e+02 3.694767003468556882e-03
2.517602297290504225e+02 2.061875031418086905e+02 1.759412858794550793e-03
2.517507917357864642e+02 2.062167722314381990e+02 2.274669481727240559e-03
2.516582466194138590e+02 2.060577967124114025e+02 3.833006585230985981e-03
2.515415975468757779e+02 2.057697054240184968e+02 2.613984818780475464e-03
2.514517543859649038e+02 2.020061956467098980e+02 4.448801085809078217e-03
2.513541698084753477e+02 2.018808626149902068e+02 2.488312471723722052e-03
2.513913939576735572e+02 2.019773412758256654e+02 4.034082340521791786e-03
2.514127833911426251e+02 2.020732669783340896e+02 1.131051123510782653e-03
2.514700145779922593e+02 2.026277333735484945e+02 1.068214949982405947e-03
2.515804177348816211e+02 2.053571105413964801e+02 1.244156235861861026e-03
2.515933619866284516e+02 2.054062986980344760e+02 4.499070024631780101e-03
2.513696652088674455e+02 2.009460362941738367e+02 4.700145779922585906e-03
2.514724149198210341e+02 1.987178278791534751e+02 2.634092394309556218e-02
2.514520434323631548e+02 1.993796184587543223e+02 2.332478761373347337e-02
2.514849821545267048e+02 1.996919393756597856e+02 1.210224702156537449e-02
2.514447544362338647e+02 1.999322249032322816e+02 8.885034936912481612e-03
2.515175689941185340e+02 2.044788619112250672e+02 1.093349419393756673e-03
2.515801412557181038e+02 2.050058437641381488e+02 1.436434926858693936e-02
2.518049565173679127e+02 2.067602171618157172e+02 2.400341828783994404e-03
2.517156914492535122e+02 2.078320012064545210e+02 4.021515105816116098e-04
2.517407882169607376e+02 2.079224475946312793e+02 6.409289699894435031e-04
2.517229301764439811e+02 2.080782561705122475e+02 2.588850349369124955e-03
2.516814583019152565e+02 2.080220177952043343e+02 2.727089931131553621e-03
2.513954531744834924e+02 2.064172070577590148e+02 2.375207359372643462e-03
2.513533780726888835e+02 2.063130623837530777e+02 2.299803951138591502e-03
2.513756849142914689e+02 2.064137133665108195e+02 1.118483888805107398e-03
2.514418137033127323e+02 2.067832780375006223e+02 2.299803951138591502e-03
2.516026366058412407e+02 2.075924320112602288e+02 3.971246166993415080e-03
2.516893128236062864e+02 2.084966194138641811e+02 4.461368320514753905e-03
2.517014150706278599e+02 2.088788769919067079e+02 1.658874981149147890e-03
2.517335871914743848e+02 2.088522847232694915e+02 1.344694113507263929e-03
2.513009978384356202e+02 2.088908787010506103e+02 6.283617352837681403e-04
2.513470944553360482e+02 2.089593952646659716e+02 5.906600311667420519e-04
2.516372593374553901e+02 2.100062836173528353e+02 1.872517971145629167e-03
2.515649600361936393e+02 2.097414919821042645e+02 3.091539737596139467e-03
2.515291811189865712e+02 2.096649952244508199e+02 2.639119288191826406e-03
2.513242597898758390e+02 2.088386995425526607e+02 5.655255617553913263e-04
2.511725355652742167e+02 2.080646835570301221e+02 5.152566229326898751e-04
2.512149499824058694e+02 2.080654627255818525e+02 6.409289699894435031e-04
2.512437163826471647e+02 2.079793017644397537e+02 7.540340823405217684e-04
2.512119715477806210e+02 2.078560925953853200e+02 3.770170411702608842e-04
2.512459659176594755e+02 2.078954531744834924e+02 9.299753682199768477e-04
2.514163524857990240e+02 2.042044312069572243e+02 6.534962046951188659e-03
2.513152742170612726e+02 1.997693158397426316e+02 1.774493540441361358e-02
2.512351832302820185e+02 1.982748956919519401e+02 1.741818730206605437e-02
2.511718192328959844e+02 1.981508193837028102e+02 2.102498366259488230e-02
2.511882194741868943e+02 1.981379882370683276e+02 1.250439853214698610e-02
2.512612225405921720e+02 1.983853868194842391e+02 9.249484743377067025e-03
2.514770522294274429e+02 2.022612476750615826e+02 8.080731915749258393e-03
2.515142009752174204e+02 2.023063514804202612e+02 9.789875835721108602e-03
2.515108832252551281e+02 2.027352334992208398e+02 3.217212084652892878e-03
2.515556854169808503e+02 2.034838134016990807e+02 3.531392952294777274e-03
2.516149399286180994e+02 2.036606092595385178e+02 3.757603176996933587e-03
2.516067586588247025e+02 2.038020283516814857e+02 5.680390086965264422e-03
2.515897677575026421e+02 2.040230608756849051e+02 2.877896747599657974e-03
2.516264389483737887e+02 2.043460513748554774e+02 2.048459257025084246e-03
2.516786055396370614e+02 2.046467475996581697e+02 2.576283114663449267e-03
2.516903559040868572e+02 2.048970994822299190e+02 2.626552053486150718e-03
2.516724601618659847e+02 2.051087191474387907e+02 2.827627808776956523e-03
2.517010506208214053e+02 2.052325064092896980e+02 2.991001859950736565e-03
2.517115945307394611e+02 2.052988111395968360e+02 3.267481023475594330e-03
2.517289498818680045e+02 2.054355552204293076e+02 4.310561504046649985e-03
2.517606695822651091e+02 2.055521540240285390e+02 3.468556778766400134e-03
2.517177776102146538e+02 2.057037148745789921e+02 2.764791635248579817e-03
2.517404489016236937e+02 2.058445935756296308e+02 2.664253757603176915e-03
2.517930302116322423e+02 2.060043733976775684e+02 2.400341828783994404e-03
2.518215326999446972e+02 2.061112200271452366e+02 2.601417584074800209e-03
2.518361232594379828e+02 2.061641406524908291e+02 1.947921379379681343e-03
2.517816694314583117e+02 2.066919016739556696e+02 3.003569094656411819e-03
2.517142964862011638e+02 2.072167596642034937e+02 2.123862665259136206e-03
2.517534434223093456e+02 2.076907203538933402e+02 3.719901472879907391e-03
2.517025335545166627e+02 2.081501910219675153e+02 3.996380636404765589e-03
2.517309355049515034e+02 2.081891243150857065e+02 5.994570954607147950e-03
2.517190971698587418e+02 2.081545267179409961e+02 5.743226260493641128e-03
2.514915925199819071e+02 2.039710576584728301e+02 6.911979088121449760e-03
2.513209420399135468e+02 2.017662745689438566e+02 5.416478158146081912e-03
2.512237721811692666e+02 2.012729477705725571e+02 6.497260342834162462e-03
2.512336248931785008e+02 2.011798748303423281e+02 7.238727190469008976e-03
2.511840345850299059e+02 2.009616950686171037e+02 6.371587995777409051e-03
2.512482908560800183e+02 2.010558487910320196e+02 7.087920374000905056e-03
2.514357311617151822e+02 2.017007615744231543e+02 6.069974362841200344e-03
2.514998366259488307e+02 2.019948851354747887e+02 7.766551048107374865e-03
2.515474790127180427e+02 2.026115216407781645e+02 7.867088925752777767e-03
2.516252199266073433e+02 2.032196124264816888e+02 1.002865329512894060e-02
2.516591640275473765e+02 2.035015332026340786e+02 7.804252752224400194e-03
2.516052128889559185e+02 2.046257854521691115e+02 3.066405268184788525e-03
2.516585985019856366e+02 2.049767506157944865e+02 2.475745237018046364e-03
2.516868622128386903e+02 2.051633614839390702e+02 3.028703564067762328e-03
2.517130648972000131e+02 2.054380309656663144e+02 2.789926104659930760e-03
2.517753606796360657e+02 2.059706680741969649e+02 2.086160961142110443e-03
2.518190820891771011e+02 2.062574146684763434e+02 1.219021766450510301e-03
2.513742773840044151e+02 2.071277962097220211e+02 5.403910923440406007e-04
2.513996129291710702e+02 2.071627205549690984e+02 7.666013170461971312e-04
2.511625697481526061e+02 2.067731991152666637e+02 2.010757552908058049e-04
2.511656235861860864e+02 2.067693409742120423e+02 1.759412858794550793e-04
2.512198512039410900e+02 2.068758734228120488e+02 8.545719599859246708e-04
2.515363318755341027e+02 2.075669079575730223e+02 9.010707283969235024e-03
2.518207660986276721e+02 2.085566405268184837e+02 1.322073091037048211e-02
2.517963353943598293e+02 2.089518423566078411e+02 2.047202533554516590e-02
2.517036017694666441e+02 2.110892650681144005e+02 1.495500929975368282e-03
2.516151787060775007e+02 2.109679786859699391e+02 2.676820992308852169e-03
2.514102071080279472e+02 2.104639446036294146e+02 2.978434625245060877e-03
2.514303398180264537e+02 2.104715729150957486e+02 3.141808676418840918e-03
2.513688986075503919e+02 2.087220127683104636e+02 0.000000000000000000e+00
2.513439652138943359e+02 2.086382521489971396e+02 0.000000000000000000e+00
2.513764012466696727e+02 2.061827778615593445e+02 1.055647715276730476e-03
2.514396018700045374e+02 2.028641733273010743e+02 1.182576785804051629e-02
2.513906399235912090e+02 2.005955109837631198e+02 1.324586537978183348e-02
2.512288116422862174e+02 2.002740788216960652e+02 1.261750364449806469e-02
2.512260845523551041e+02 2.000885864374403127e+02 9.689337958075704832e-03
2.512159930628864402e+02 2.000114487508168679e+02 6.635499924596591562e-03
2.513529382194741970e+02 2.005754788116422844e+02 6.157945005780927558e-03
2.513761373347408608e+02 2.006075880963152827e+02 7.050218669883878859e-03
2.514105338561302858e+02 2.006534208012868987e+02 6.107676066958226541e-03
2.512963479615945346e+02 2.003956793847081883e+02 3.795304881113959784e-03
2.515823279545568880e+02 1.976267782637108610e+02 3.996380636404765589e-03
2.515486351983109614e+02 1.975362941738299867e+02 7.728849343990348668e-03
2.515354019001658799e+02 1.977306087568491364e+02 5.818629668727693521e-03
2.515068994118534249e+02 1.994526340923943053e+02 3.443422309355049626e-03
2.515899311315538114e+02 2.005363570100035133e+02 1.658874981149147890e-03
2.516033152365153569e+02 2.010566907957573051e+02 2.061026491730759500e-03
2.515360051274317641e+02 2.023948499472176081e+02 5.341074749912029518e-03
2.515811340672598533e+02 2.027771452269642509e+02 3.531392952294777274e-03
2.515432061529181169e+02 2.026868622128386903e+02 4.285427034635298608e-03
2.514113632936208660e+02 2.024160257376966854e+02 3.192077615241542370e-03
2.513028452219373605e+02 2.021349469662695526e+02 3.003569094656411819e-03
2.513173980797265301e+02 2.021432036394711815e+02 2.626552053486150718e-03
2.513546096616900343e+02 2.021736666163977247e+02 3.455989544060724880e-03
2.513632182174634409e+02 2.021783918966470708e+02 4.737847484039612103e-03
2.514147061780525689e+02 2.023601141104911392e+02 6.095108832252550853e-03
2.515101291911727799e+02 2.027046322827125096e+02 4.008947871110441277e-03
2.515682526516865209e+02 2.029099054943950193e+02 3.870708289348011744e-03
2.515580857588096251e+02 2.030896923540944101e+02 4.411099381692052887e-03
2.515734931885587855e+02 2.033863921982606939e+02 3.682199768762881627e-03
2.515530965666314671e+02 2.033959055949328842e+02 3.229779319358568133e-03
2.512834539787864969e+02 2.023257678580405070e+02 2.752224400542904563e-03
2.510612150002513374e+02 2.001718443673653951e+02 1.310762579801940352e-02
2.510748504499069895e+02 1.997092318906148023e+02 1.296938621625697528e-02
2.511084929372140948e+02 1.991827527270899338e+02 1.279344493037751912e-02
2.510415849796410726e+02 1.990432689890916436e+02 1.040567033629920084e-02
2.514231890614789222e+02 2.000032046448499443e+02 6.057407128135524656e-03
2.514774166792338974e+02 2.000648469310812914e+02 6.974815261649826466e-03
2.514244206504800729e+02 2.013919720504700024e+02 7.703714874578997292e-03
2.516784798672900081e+02 2.031424998743276547e+02 4.687578545216910218e-03
2.516781154174835251e+02 2.032342281204443850e+02 4.260292565223948100e-03
2.516282863318755290e+02 2.031536721459810053e+02 4.335695973458000493e-03
2.516114336701352272e+02 2.031378876991906566e+02 2.350072889961292953e-03
2.516002236967777606e+02 2.033273764640828460e+02 4.260292565223948100e-03
2.517004348263208158e+02 2.053538179259035701e+02 2.664253757603176915e-03
2.516889735082692425e+02 2.059575478811642313e+02 1.472879907505152651e-02
2.516838335092746206e+02 2.066239255014326659e+02 5.680390086965264422e-03
2.513683456492233574e+02 2.076627456894385091e+02 3.016136329362087073e-04
2.513621500025134594e+02 2.076503292615493024e+02 6.283617352837681403e-04
2.511820112602422910e+02 2.069254637309606437e+02 2.262102247021565305e-04
2.509472930176443981e+02 2.058354697632333057e+02 2.035892022319408991e-03
2.510314306539988820e+02 2.056011536721459834e+02 1.382395817624289909e-03
2.513175991554818154e+02 2.063071683506761076e+02 4.461368320514753905e-03
2.517125496405770946e+02 2.076764062735635719e+02 9.400291559845171813e-03
2.516627205549690984e+02 2.080805057055245584e+02 1.294425174684562391e-02
2.516841099884381379e+02 2.084408083245362775e+02 1.024229628512542123e-02
2.516303347911325545e+02 2.115209370130196476e+02 2.513446941135072561e-05
2.516916251947921239e+02 2.116880812346051357e+02 2.312371185844266756e-03
2.516725229980395113e+02 2.124417760016086163e+02 5.253104106972301436e-03
2.516018574372895102e+02 2.134057834414115575e+02 2.337505655255617699e-03
2.514160634394008014e+02 2.127570250842004782e+02 1.709143919971849342e-03
2.516321067712260628e+02 2.064697883677675634e+02 1.143618358216458124e-03
2.514210274971095487e+02 2.015174558890061860e+02 4.549338963454481119e-03
2.512811164731312488e+02 2.009271854421153307e+02 8.658824712210324431e-03
2.514163901875031399e+02 1.985281757402101164e+02 1.201427637862564728e-02
2.513577891720705679e+02 1.982465942793947704e+02 9.714472427487056208e-03
2.513680566028251064e+02 1.984001784547328100e+02 7.552908058110893372e-03
2.515039586789322925e+02 1.993734856482179794e+02 8.294374905745739018e-03
2.515573442919620106e+02 1.994639446036294146e+02 9.752174131604082405e-03
2.515011436183582134e+02 1.996297189966319934e+02 1.082038908158648727e-02
2.515122153521339214e+02 2.002780752023324737e+02 9.588800080430302797e-03
2.515239154476448959e+02 2.002917860553963578e+02 1.083295631629216382e-02
2.515116498265721532e+02 2.002393052832654803e+02 1.128537676569647645e-02
2.514970341326094569e+02 2.002274166792338974e+02 1.173779721510078908e-02
2.514631403006082451e+02 2.008337354848439134e+02 5.956869250490121753e-03
2.516206705876439003e+02 2.030848791032021268e+02 3.820439350525310293e-03
2.515906348966973383e+02 2.030497662494344695e+02 3.518825717589101586e-03
2.516179434977127585e+02 2.031942768813150337e+02 5.919167546373096424e-03
2.515994193937565910e+02 2.034376539486251545e+02 7.841954456341426391e-03
2.515707409641582331e+02 2.035631503543960150e+02 6.333886291660382854e-03
2.515547428743779221e+02 2.038313728447192545e+02 8.658824712210324431e-03
2.515788719650128087e+02 2.039126451515608380e+02 6.673201628713617758e-03
2.514933393656060048e+02 2.037412029357060135e+02 4.247725330518272412e-03
2.514912406374101579e+02 2.037372442567737494e+02 3.669632534057205939e-03
2.515646458553260061e+02 2.042744055697984322e+02 4.423666616397727708e-03
2.517641381390438937e+02 2.064001784547328100e+02 5.278238576383652379e-04
2.517875131955964321e+02 2.064945960890765662e+02 2.387774594078319150e-03
2.516933971748856322e+02 2.068696275071633295e+02 1.809681797617252244e-03
2.516874277384004301e+02 2.068998517066304714e+02 2.123862665259136206e-03
2.516533202634092277e+02 2.068347785653244841e+02 6.534962046951188659e-04
2.516805408937817390e+02 2.071226687779621045e+02 1.583471572915095714e-03
2.516687779620972094e+02 2.076062434022017840e+02 2.877896747599657974e-03
2.517134544814759067e+02 2.079048031971045134e+02 2.903031217011008917e-03
2.515728396923541084e+02 2.050908611069220342e+02 6.974815261649826466e-03
2.513649022269139834e+02 1.994977504649876892e+02 9.928115417483536834e-03
2.511888855376263052e+02 1.991392449605388890e+02 8.910169406323832988e-03
2.511140476549539926e+02 1.980464610667068825e+02 4.536771728748806298e-03
2.510470768612074721e+02 1.975738199366611241e+02 5.554717739908510143e-03
2.515442743678680984e+02 1.995345347609711837e+02 1.123510782687377543e-02
2.516345825164630696e+02 1.996877042175639758e+02 1.927813803850600763e-02
2.515725506459558574e+02 2.026084929372140948e+02 4.901221535213391711e-03
2.516259488262202808e+02 2.027620017091439308e+02 8.759362589855728201e-03
2.515829563162921545e+02 2.031800382043934974e+02 7.867088925752777767e-03
2.515788970994822193e+02 2.033093173478107758e+02 7.879656160458452588e-03
2.515069873824963622e+02 2.032007490071884490e+02 5.240536872266626615e-03
2.515224576484190493e+02 2.032007113054843330e+02 5.089730055798521828e-03
2.515188131503543900e+02 2.037261599557633360e+02 6.007138189312823638e-03
2.514410219675262681e+02 2.060770999849193288e+02 1.256723470567536281e-04
2.514630523299653078e+02 2.061015055547177326e+02 3.016136329362087073e-04
2.515302493339365526e+02 2.061905067109033212e+02 6.409289699894435031e-04
2.515760569044387580e+02 2.062289750163374151e+02 9.299753682199768477e-04
2.516214246217262485e+02 2.062860176946664694e+02 1.143618358216458124e-03
2.516823631428140686e+02 2.064408962951792148e+02 1.470366460564017557e-03
2.517473608807117955e+02 2.068605665309405310e+02 1.344694113507263929e-03
2.518406977328708649e+02 2.077273789775297814e+02 1.394963052329965293e-02
2.518141180314683538e+02 2.079906625446136843e+02 1.957975167144221720e-02
2.517763534911778152e+02 2.087112049464635675e+02 5.353641984617704339e-03
2.517195747247775728e+02 2.090705775901070638e+02 2.789926104659930760e-03
2.517452370180465380e+02 2.092052103755089831e+02 4.800683657567988809e-03
2.516364298999648099e+02 2.090021741316040789e+02 3.229779319358568133e-03
2.516492359121298819e+02 2.090433066907957596e+02 3.619363595234504488e-03
2.515727642889458480e+02 2.089432715025385789e+02 3.116674207007489976e-03
2.515743603277534817e+02 2.089578746292665699e+02 2.463178002312371110e-03
2.515792992509928183e+02 2.089751294425174706e+02 3.443422309355049626e-03
2.515762831146634539e+02 2.089701402503393126e+02 4.084351279344492804e-03
2.515155833710350350e+02 2.043453978786507719e+02 2.576283114663449267e-03
2.512936460061328034e+02 2.007805258131000983e+02 5.517016035791484814e-03
2.511738802593877153e+02 2.003810636907454921e+02 4.461368320514753905e-03
2.513011360780173788e+02 2.005649349017242287e+02 2.802493339365606014e-03
2.514350399638063607e+02 2.010089353038757451e+02 3.883275524053687432e-03
2.515367214598099963e+02 2.027401472879907374e+02 4.712713014628261594e-03
2.517520358920223202e+02 2.058046926054391008e+02 2.048459257025084246e-03
2.518178756346453611e+02 2.059902855275725244e+02 5.856331372844718851e-03
2.517236465088221848e+02 2.067909189162016901e+02 6.660634394007942070e-03
2.516697959081083695e+02 2.073008973005579776e+02 1.847383501734278441e-03
2.516688156638013254e+02 2.073300155833710221e+02 1.394963052329965380e-03
2.516463831498517152e+02 2.073268486402251938e+02 1.558337103503744988e-03
2.516795103805358735e+02 2.075313678178253554e+02 1.470366460564017557e-03
2.517060523802342402e+02 2.075308148594983209e+02 1.721711154677524813e-03
2.516921027497109549e+02 2.078394158749308929e+02 4.008947871110441277e-03
2.517215854823304539e+02 2.081987256824008341e+02 4.373397677575026690e-03
2.517327326195143939e+02 2.089632408384858877e+02 3.053838033479113270e-03
2.517048836274066161e+02 2.092091941889106579e+02 3.003569094656411819e-03
2.514285301362288294e+02 2.085338309958276852e+02 1.457799225858342086e-03
2.514470165384808809e+02 2.085532725079173701e+02 2.412909063489669659e-03
2.514433217714774003e+02 2.068329814507615652e+02 9.802443070426782989e-04
2.514033579651133437e+02 2.067712763283567199e+02 8.671391946916000336e-04
2.513336349469662707e+02 2.064787865078168068e+02 6.032272658724174147e-04
2.513752953300155752e+02 2.065441738299904557e+02 8.671391946916000336e-04
2.514396898406474747e+02 2.066951691549791406e+02 2.563715879957774012e-03
2.514854094405067144e+02 2.068935429548082254e+02 3.531392952294777274e-03
2.515086211230080835e+02 2.071648695521037666e+02 1.922786909968330618e-03
2.515732167093952683e+02 2.073875860855577287e+02 2.073593726436434755e-03
2.515916905444126144e+02 2.074683682702458043e+02 2.563715879957774012e-03
2.513938320012064480e+02 2.069236037802241981e+02 1.482933695269692811e-03
2.514829839642085290e+02 1.998697657467450881e+02 2.421706127783642554e-02
2.513468179761725310e+02 1.975028653295129004e+02 1.994420147790680262e-02
2.513187176393706466e+02 1.974699014728799114e+02 2.372693912431508498e-02
2.513129492786407297e+02 1.974592067561453916e+02 1.831046096616900307e-02
2.514824310058814660e+02 1.986645051022972837e+02 7.087920374000905056e-03
2.515251344694113413e+02 2.020563891821243772e+02 1.822249032322927715e-03
2.515374754938923161e+02 2.025906851656361596e+02 1.279344493037751912e-02
2.515688558789524052e+02 2.037993138289850776e+02 2.827627808776956523e-03
2.516022972905041968e+02 2.043806238375307771e+02 1.872517971145629167e-03
2.516360277484542394e+02 2.052219499321369369e+02 9.551098376313275733e-04
2.516946161966520776e+02 2.054752928165686399e+02 2.287236716432916248e-03
2.517393052832654803e+02 2.056222666264515055e+02 3.631930829940180176e-03
2.513548861408535799e+02 2.068286080530839968e+02 2.764791635248579817e-04
2.515569798421555276e+02 2.074357814306540035e+02 4.398532146986376982e-04
2.516546398230533441e+02 2.082364902226914012e+02 3.053838033479113270e-03
2.516856557583069502e+02 2.089369753179510383e+02 1.529432463680691773e-02
2.517431885587895124e+02 2.092412155029407188e+02 2.939476197657467371e-02
2.517381742321419722e+02 2.091809304780576042e+02 1.927813803850600763e-02
2.514216181571406992e+02 2.084304026541999804e+02 7.150756547529281762e-03
2.514442266123762124e+02 2.084109360076408848e+02 6.258482883426330461e-03
2.515271452269642509e+02 2.086623184034584995e+02 6.082541597546876032e-03
2.515120771125521628e+02 2.085400769114764046e+02 4.134620218167194688e-03
2.515103554013974758e+02 2.085367842959835230e+02 4.084351279344492804e-03
2.515441361282863397e+02 2.085723118684964561e+02 4.260292565223948100e-03
2.514723772181169181e+02 2.084465515507967552e+02 3.946111697582063704e-03
2.515246569144925388e+02 2.084870808827225517e+02 3.229779319358568133e-03
2.515541899160508592e+02 2.085307268888553835e+02 3.443422309355049626e-03
2.515449278640727755e+02 2.084806464585532524e+02 2.613984818780475464e-03
2.513872719046900954e+02 2.076407153269994410e+02 1.721711154677524813e-03
2.513908032976423783e+02 2.076013421806665633e+02 1.231589001156185555e-03
2.514248102347559382e+02 2.040133589704921349e+02 3.330317197003971035e-03
2.515560624340220102e+02 1.994897200020107562e+02 7.929925099281153605e-03
2.512993640979238990e+02 1.978462901523148787e+02 1.088322525511486484e-02
2.512234454330668996e+02 1.976787060775147040e+02 1.087065802040919002e-02
2.512224777559945608e+02 1.979291207962599799e+02 7.716282109284672980e-03
2.515694968079223770e+02 2.005198939325390768e+02 7.201025486351982779e-03
2.515781556326346049e+02 2.030049640577087473e+02 2.077363896848137548e-02
2.515937138692002293e+02 2.032497109536017774e+02 1.073241843864676005e-02
2.515306766199165622e+02 2.037286482682350481e+02 6.874277384004423563e-03
2.515430302116322423e+02 2.038624013472075660e+02 6.761172271653344973e-03
2.516230206605338537e+02 2.040203212185190864e+02 8.432614487508168985e-03
2.516182702458150970e+02 2.040087844970592812e+02 8.910169406323832988e-03
2.516253581661891019e+02 2.040739958779470271e+02 7.967626803398179802e-03
2.516307746443472695e+02 2.042099859246971221e+02 7.892223395164127409e-03
2.516447871110440815e+02 2.043340999346503679e+02 9.186648569848691187e-03
2.516620167898255715e+02 2.045537877645402887e+02 1.017946011159704366e-02
2.516524154225104439e+02 2.046990147287990851e+02 1.063188056100135802e-02
2.516618534157744023e+02 2.047111044085859248e+02 1.036796863218217464e-02
2.516795983511788108e+02 2.047255064595586305e+02 7.276428894586035173e-03
2.516848011863469594e+02 2.047605313426833504e+02 9.010707283969235024e-03
2.516849519931634234e+02 2.047541597546875778e+02 9.852712009249484440e-03
2.516862212838686901e+02 2.048148343638465860e+02 1.000351882571758923e-02
2.516370833961695155e+02 2.047565475292816473e+02 9.148946865731664990e-03
2.516581335143015110e+02 2.047907052732116711e+02 8.520585130447896199e-03
2.516354873573618818e+02 2.067013522344543333e+02 4.134620218167194688e-03
2.516714547830895299e+02 2.067553536419846125e+02 6.597798220479565365e-03
2.515752274669481778e+02 2.065310410697230168e+02 3.581661891117478725e-03
2.515717086412305719e+02 2.065245438093801909e+02 3.543960187000452528e-03
2.515871286382144376e+02 2.070999472176142433e+02 8.294374905745739452e-04
2.516699844166289779e+02 2.082127255818629692e+02 1.633740511737797165e-03
2.516965012818579339e+02 2.083778213441914318e+02 2.023324787613733303e-03
2.516558588448197895e+02 2.085826924043633426e+02 9.048408988086261220e-04
2.515817875634645304e+02 2.084659679284170295e+02 7.917357864575478568e-04
2.515940908862413892e+02 2.048504247725330458e+02 4.448801085809078217e-03
2.513653169456592877e+02 2.015264917307595738e+02 7.477504649876840978e-03
2.516350852058513112e+02 1.983503745035942245e+02 8.633690242798974790e-03
2.512496983863670721e+02 1.973056477152767343e+02 1.359774795154074234e-02
2.512273538430603708e+02 1.970936510330267026e+02 1.274317599155481810e-02
2.511843739003669498e+02 1.968706077514703736e+02 1.339667219624993653e-02
2.514706178052581436e+02 1.992118458754335677e+02 5.655255617553913046e-03
2.518254913788769898e+02 2.010214899713467105e+02 1.920273463027195524e-02
2.517616372593374479e+02 2.014234404061730288e+02 2.425476298195345173e-02
2.512304830845020831e+02 2.024954632282712623e+02 1.947921379379681343e-03
2.511068340622329345e+02 2.022300809329915126e+02 6.660634394007942287e-04
2.510746242396822936e+02 2.021523023173980675e+02 4.775549188156637866e-04
2.511152792439551718e+02 2.021873900366963142e+02 6.032272658724174147e-04
2.511664404564419613e+02 2.022507288996129375e+02 1.407530287035640634e-03
2.511965012818579339e+02 2.023011360780173788e+02 2.224400542904539108e-03
2.513160282511436208e+02 2.025310913386618381e+02 2.928165686422359425e-03
2.514814633288091272e+02 2.028556024732317837e+02 1.834816267028602970e-03
2.516201678982556587e+02 2.032867465942794070e+02 4.184889156989895706e-03
2.516459935655758215e+02 2.036801136078017294e+02 2.752224400542904563e-03
2.516362916603830513e+02 2.038460388076207721e+02 3.166943145830191427e-03
2.516446991404011442e+02 2.040219800935002183e+02 3.983813401699089901e-03
2.516974061227567461e+02 2.041422862313376640e+02 3.468556778766400134e-03
2.517105765847283010e+02 2.044405569798421425e+02 3.895842758759362687e-03
2.517362388779972946e+02 2.046241265771879512e+02 5.604986678731212028e-03
2.516450887246770094e+02 2.052250414718745333e+02 3.217212084652892878e-03
2.517372191223043387e+02 2.058599381692052361e+02 3.644498064645855431e-03
2.517978183280550866e+02 2.060785075152063541e+02 4.649876841099884021e-03
2.518240838485899644e+02 2.064256522394812237e+02 4.461368320514753905e-03
2.517557306590258008e+02 2.070176569647614713e+02 2.236967777610214796e-03
2.517572764288945848e+02 2.074414869552103653e+02 8.294374905745739452e-04
2.517312371185844313e+02 2.076367566480671485e+02 2.148997134670487148e-03
2.516912356105162587e+02 2.075707032624541171e+02 3.317749962298295781e-03
2.513843688734730790e+02 2.013523475594430181e+02 2.136429899964811894e-03
2.513606042326446470e+02 1.979940179962800926e+02 1.273060875684914328e-02
2.511722842205801101e+02 1.964345372744181475e+02 1.712914090383552135e-02
2.511663273513296133e+02 1.962753983813401817e+02 8.168702558688985607e-03
2.512024078821696094e+02 1.964203488664354325e+02 8.759362589855728201e-03
2.514540667571507697e+02 1.998669381189363037e+02 9.965817121600563031e-03
2.515737068315487761e+02 2.021844618710099155e+02 1.968028954908761924e-02
2.515524807721309060e+02 2.026187855024380440e+02 1.750615794500577985e-02
2.514934273362489421e+02 2.027917483536922418e+02 8.495450661036544823e-03
2.513825591916754547e+02 2.025360553963705854e+02 4.838385361685015006e-03
2.511829412356105138e+02 2.019101694063238313e+02 4.272859799929623788e-03
2.511229075554215058e+02 2.017817448348665437e+02 4.071784044638817983e-03
2.511268788015885036e+02 2.017400593173478001e+02 4.876087065802041202e-03
2.511562986980344760e+02 2.018208038003317881e+02 3.807872115819635039e-03
2.512489317850500186e+02 2.020113859146433413e+02 5.994570954607147950e-03
2.514066882823103697e+02 2.024006308751822303e+02 5.579852209319861520e-03
2.514628261197406118e+02 2.025504071784044697e+02 4.046649575227466607e-03
2.515104810737445291e+02 2.027357236213743477e+02 4.335695973458000493e-03
2.515274845423013232e+02 2.029318981551299430e+02 5.416478158146081912e-03
2.515414970089981352e+02 2.029980772130900277e+02 5.290805811089327633e-03
2.515753154375911151e+02 2.033609561152163963e+02 8.319509375157090394e-03
2.516429020258382252e+02 2.041701226562107365e+02 3.569094656411803037e-03
2.516973935555220407e+02 2.044245337555924209e+02 3.606796360528829234e-03
2.516887472980445466e+02 2.047420952093701203e+02 3.745035942291258333e-03
2.516949555119891500e+02 2.053619866284622617e+02 1.721711154677524813e-03
2.517195998592469834e+02 2.055722993012617508e+02 1.671442215854823362e-03
2.517703337857537917e+02 2.059202231940883792e+02 3.028703564067762328e-03
2.517937465440104461e+02 2.060511863469562286e+02 3.883275524053687432e-03
2.514961921278841714e+02 2.044630900316694238e+02 8.043030211632232196e-04
2.513821570401648842e+02 2.006900291559845186e+02 1.379882370683154814e-02
2.513087769567184466e+02 1.995296209722012861e+02 6.245915648720655640e-03
2.513354571959986004e+02 1.995680264414618250e+02 4.750414718745286924e-03
2.513919720504700024e+02 1.998330317197003865e+02 6.019705424018499326e-03
2.514306791333634976e+02 1.999450434826320873e+02 8.168702558688985607e-03
2.514920700749007096e+02 2.025340195043482652e+02 2.576283114663449267e-03
2.515417609209269472e+02 2.026143618358216543e+02 5.479314331674458617e-03
2.514722766802392755e+02 2.030387573518323165e+02 1.482933695269692811e-03
2.513387749459608926e+02 2.042125747750465052e+02 1.797114562911576990e-03
2.513141180314683538e+02 2.041397099482229862e+02 1.281857939978887006e-03
2.513740511737797192e+02 2.041950560498667926e+02 1.344694113507263929e-03
2.514642587844970478e+02 2.044030060825415944e+02 5.554717739908510143e-03
2.516362665259136406e+02 2.050460463479616067e+02 1.627456894384959538e-02
2.517479012718041531e+02 2.055446262504398476e+02 2.125119388729703948e-02
2.517618383350927331e+02 2.062146735032423521e+02 6.723470567536319643e-03
2.518072814557884556e+02 2.064685442115317073e+02 7.364399537525763255e-03
2.518026944151208966e+02 2.066318177248278403e+02 5.793495199316342145e-03
2.518538430603730092e+02 2.067631327602674389e+02 5.077162821092847007e-03
2.518637711757904754e+02 2.068351304478962334e+02 4.473935555220429593e-03
2.518600512743176125e+02 2.069231890614789222e+02 4.184889156989895706e-03
2.517932564218569382e+02 2.073429472678831758e+02 5.378776454029055715e-03
2.516817473483134791e+02 2.080149550092997401e+02 2.965867390539385622e-03
2.517058764389483656e+02 2.082608957924898334e+02 6.283617352837681837e-03
2.516372342029859794e+02 2.090318830744483023e+02 2.940732921128035113e-03
2.516479917558940258e+02 2.090458452722062930e+02 3.229779319358568133e-03
2.516644925350625783e+02 2.091331247172372230e+02 2.903031217011008917e-03
2.516952194239179619e+02 2.092182425978987510e+02 3.166943145830191427e-03
2.515358543206153001e+02 2.089426054390991681e+02 1.910219675262655147e-03
2.513260192027346420e+02 2.079131604081837850e+02 1.030513245865379750e-03
2.513718393404715243e+02 2.043497712763283687e+02 1.583471572915095714e-03
2.513965842256070005e+02 2.011494746895893115e+02 6.798873975770371170e-03
2.512306967274920737e+02 2.006523902880410333e+02 7.188458251646307959e-03
2.511885085205851169e+02 2.005278489921077778e+02 8.055597446337907017e-03
2.511882320414215997e+02 2.005017091439199817e+02 8.306942140451415574e-03
2.512211079274116514e+02 2.005386442467199402e+02 1.027999798924244743e-02
2.514584652892977488e+02 2.024509249484743236e+02 7.188458251646307959e-03
2.514652515960387973e+02 2.024888905645201760e+02 6.208213944603629443e-03
2.514409968330568574e+02 2.026869627507163329e+02 5.127431759915548025e-03
2.514690971698587418e+02 2.028855124918312924e+02 3.933544462876388884e-03
2.514892298798572483e+02 2.030428291358769286e+02 2.199266073493188599e-03
2.515160483587191607e+02 2.030879957774091338e+02 3.192077615241542370e-03
2.515057557934952115e+02 2.030731036042829203e+02 3.368018901120997232e-03
2.514910395616548442e+02 2.030649474689589340e+02 3.795304881113959784e-03
2.515279369627507151e+02 2.032374704669984453e+02 7.427235711054139961e-03
2.515826295681898159e+02 2.044490021615643798e+02 7.075353139295229368e-03
2.516618534157744023e+02 2.049292967375458829e+02 3.393153370532348174e-03
2.516920147790680176e+02 2.050880586135826604e+02 3.908409993465038375e-03
2.516707761524154137e+02 2.050752526014175885e+02 4.687578545216910218e-03
2.515846277585080202e+02 2.049705424018498832e+02 2.852762278188307465e-03
2.516035917156788742e+02 2.049913537425225059e+02 2.588850349369124955e-03
2.516123636455034500e+02 2.049941059669230299e+02 2.576283114663449267e-03
2.516403257427235758e+02 2.050329638566329891e+02 2.639119288191826406e-03
2.516704745387824858e+02 2.058362237973156255e+02 2.123862665259136206e-03
2.517600412205298426e+02 2.066185844266827587e+02 1.420097521741316106e-03
2.518171090333283075e+02 2.067529281656864271e+02 3.506258482883426331e-03
2.516901673955662773e+02 2.075273211682501255e+02 1.206454531744834829e-03
2.516763183029206346e+02 2.082124239682300413e+02 1.269290705273211752e-03
2.516764942442065092e+02 2.089029558136027731e+02 4.775549188156637866e-04
2.517280953099080136e+02 2.092996908460262375e+02 2.953300155833710368e-03
2.516193510279998122e+02 2.090381918262705483e+02 1.935354144674005872e-03
2.516478660835469725e+02 2.059889911023978186e+02 1.406273563565073152e-02
2.512247272910069000e+02 2.013418916201678996e+02 1.413813904388478392e-02
2.511288015884984759e+02 2.009172698939325414e+02 8.947871110440859185e-03
2.511662142462172653e+02 2.008605288292364150e+02 6.396722465188759560e-03
2.511613004574473393e+02 2.008923867692153067e+02 4.788116422862313121e-03
2.511958603528879621e+02 2.009141280852561238e+02 4.838385361685015006e-03
2.514294098426582309e+02 2.025672975418488875e+02 2.324938420549942011e-03
2.515372618509023255e+02 2.027431508570853964e+02 1.010405670336299126e-02
2.513085633137284560e+02 2.039818403458502871e+02 1.684009450560498616e-03
2.512285854320615215e+02 2.038435253606796493e+02 2.626552053486150718e-03
2.512075227466948206e+02 2.037910571557834487e+02 1.658874981149147890e-03
2.512522244005429002e+02 2.038401196400743913e+02 2.061026491730759500e-03
2.512983712863821495e+02 2.038921982606947267e+02 1.998190318202382795e-03
2.514650128185793960e+02 2.041930327250791777e+02 3.317749962298295781e-03
2.516301839843160906e+02 2.047304705172673778e+02 4.762981953450962612e-03
2.517268762881415682e+02 2.052082013773689368e+02 6.321319056954708034e-03
2.517657467450862043e+02 2.054283793294123655e+02 6.648067159302267250e-03
2.517948650278992488e+02 2.056380762077112649e+02 5.743226260493641128e-03
2.518212813552505907e+02 2.057775096767707339e+02 7.037651435178203171e-03
2.518308450208616023e+02 2.060798899110239688e+02 3.669632534057205939e-03
2.518399939677273380e+02 2.063364248730709392e+02 4.938923239330417908e-03
2.518619614939928510e+02 2.065108957924898334e+02 3.217212084652892878e-03
2.518764389483737887e+02 2.065851053134268227e+02 3.581661891117478725e-03
2.518422937716784702e+02 2.067667521238626591e+02 4.913788769919067399e-03
2.517232694917810250e+02 2.072361257728849466e+02 4.272859799929623788e-03
2.517428743779218792e+02 2.075412330970693233e+02 2.978434625245060877e-03
2.517353968732720091e+02 2.076934223093550429e+02 1.822249032322927715e-03
2.517347685115367142e+02 2.077859297240235321e+02 1.470366460564017557e-03
2.515506585230985763e+02 2.074589554114512566e+02 1.583471572915095714e-03
2.515499924596591654e+02 2.074973357462423849e+02 1.445231991152666831e-03
2.516290780676619931e+02 2.052028226009148852e+02 8.797064293972753964e-05
2.514449303775197393e+02 2.019763484642839160e+02 2.676820992308852169e-03
2.511456416830040723e+02 2.012838309958276852e+02 2.412909063489669659e-03
2.511514226109686945e+02 2.011813074950987925e+02 2.123862665259136206e-03
2.512350198562308208e+02 2.014909515910119069e+02 2.576283114663449267e-03
2.513224124063740987e+02 2.015941537224149158e+02 3.506258482883426331e-03
2.515990423767154311e+02 2.033915573317247265e+02 2.676820992308852169e-03
2.515937138692002293e+02 2.034874327652943293e+02 2.714522696425878366e-03
2.515726888855376160e+02 2.038139043884783632e+02 3.946111697582063704e-03
2.515668953903383169e+02 2.040910998843814355e+02 4.197456391695571394e-03
2.515609133866184095e+02 2.041373221736289167e+02 4.109485748755844180e-03
2.515863117679585912e+02 2.041695822651183789e+02 5.504448801085809126e-03
2.516057532800482477e+02 2.042233448951892569e+02 6.120243301663902229e-03
2.516248429095661834e+02 2.042485924697129747e+02 6.522394812245513838e-03
2.516272558186296635e+02 2.042541723219222831e+02 5.592419444025536340e-03
2.516266525913638077e+02 2.046070351379882482e+02 2.752224400542904563e-03
2.516809053435881935e+02 2.049675388327552525e+02 5.014326647564470302e-03
2.517369426431407931e+02 2.053783366008143503e+02 2.890463982305333662e-03
2.517566354999245846e+02 2.060986904941436819e+02 8.168702558688985824e-04
2.518105992057507763e+02 2.062086537978183287e+02 1.734278389383200067e-03
2.517267003468556652e+02 2.066668551751872656e+02 1.671442215854823362e-03
2.517498491931835360e+02 2.068606796360528790e+02 1.721711154677524813e-03
2.517098099834112475e+02 2.071351857437289539e+02 2.576283114663449267e-03
2.517327200522796886e+02 2.072653320263409285e+02 2.576283114663449267e-03
2.517203161916251872e+02 2.073556024732317837e+02 2.438043532901020601e-03
2.517234202985974889e+02 2.074235912129894928e+02 3.179510380535866682e-03
2.515362187704217547e+02 2.070841376363544839e+02 1.495500929975368282e-03
2.515696099130347250e+02 2.071160207108027862e+02 2.274669481727240559e-03
2.516201176293168373e+02 2.071655733172472651e+02 3.003569094656411819e-03
2.516685517518725135e+02 2.072277811290403520e+02 3.116674207007489976e-03
2.515499798924244601e+02 2.070135977479515361e+02 2.488312471723722052e-03
2.514940054290453872e+02 2.069337958075705046e+02 1.533202634092394262e-03
2.513606670688181737e+02 2.056896018700045374e+02 9.048408988086261220e-04
2.514172447594631308e+02 2.011717563967224578e+02 1.482933695269692811e-03
2.513704569446539097e+02 1.984687829889911086e+02 5.240536872266626615e-03
2.513557532800482477e+02 1.983443045292313798e+02 6.321319056954708034e-03
2.513614211029005219e+02 1.982063791283366072e+02 6.019705424018499326e-03
2.512951917760016158e+02 1.978118307947519270e+02 4.247725330518272412e-03
2.512227542351581064e+02 2.003862665259136406e+02 2.098728195847785697e-03
2.512671040064344368e+02 2.004232770321218595e+02 3.556527421706127783e-03
2.514190418740260498e+02 2.007528401950434898e+02 5.504448801085809126e-03
2.516115844769516912e+02 2.043866812446589165e+02 1.309505856331372869e-02
2.515834590056803961e+02 2.044322374704669869e+02 1.251696576685266092e-02
2.514891670436837217e+02 2.041458301915246523e+02 1.195144020509726970e-02
2.515131830292062602e+02 2.041749233398682861e+02 1.464082843211179756e-02
2.515324737344794528e+02 2.043366133815915191e+02 8.570854069270597217e-03
2.515544161262755836e+02 2.045491001859950870e+02 5.366209219323380027e-03
2.515719474186900015e+02 2.046470869149952136e+02 3.066405268184788525e-03
2.516137209068516540e+02 2.048467802744684150e+02 3.192077615241542370e-03
2.516707510179460030e+02 2.050398507012517086e+02 4.147187452872869509e-03
2.517129140903835491e+02 2.053432111798119877e+02 3.719901472879907391e-03
2.517221133061881062e+02 2.054067008495450750e+02 3.016136329362087073e-03
2.517398079726536935e+02 2.055585884481978667e+02 4.310561504046649985e-03
2.517891972050470031e+02 2.056646684763484529e+02 5.780927964610667324e-03
2.517518599507364456e+02 2.055977228170713431e+02 4.499070024631780101e-03
2.517619891419092255e+02 2.056065952847735332e+02 4.260292565223948100e-03
2.517625672347056707e+02 2.056050872166088652e+02 4.260292565223948100e-03
2.517865957874629146e+02 2.056648318503996506e+02 4.687578545216910218e-03
2.518230784698135096e+02 2.057005102297290478e+02 6.157945005780927558e-03
2.518132131905695417e+02 2.059795279746644496e+02 4.411099381692052887e-03
2.515548811139596808e+02 2.084593449957271503e+02 5.529583270497159635e-04
2.515838485899562613e+02 2.085394234152716990e+02 4.034082340521791786e-03
2.515142638113909470e+02 2.088834388981048562e+02 2.400341828783994404e-03
2.514717362891469463e+02 2.087865832202282093e+02 2.111295430553460951e-03
2.514252123862665371e+02 2.041468858392399284e+02 4.587040667571507316e-03
2.513211808173729480e+02 2.028546096616900343e+02 2.111295430553460951e-03
2.515331523651535690e+02 1.989511511586990480e+02 3.946111697582063704e-03
2.515239405821143066e+02 1.989979264062735638e+02 6.999949731061176975e-03
2.515074649374151647e+02 1.990632131905695417e+02 6.547529281656864347e-03
2.514881490976725615e+02 2.008077715779419918e+02 4.574473432865832495e-03
2.515152566229326965e+02 2.009150706278590519e+02 5.378776454029055715e-03
2.514775172171115400e+02 2.011457045191775990e+02 5.353641984617704339e-03
2.514695370230734568e+02 2.013309958276780662e+02 5.630121148142562537e-03
2.514572337002965980e+02 2.013299653144322008e+02 5.165133464032574222e-03
2.514059091137586108e+02 2.012600412205298426e+02 5.001759412858794614e-03
2.514444276881314977e+02 2.013553762630070878e+02 5.768360729904991636e-03
2.514980269441512064e+02 2.016966520886743979e+02 8.043030211632232196e-03
2.515414467400593139e+02 2.020737696677223028e+02 9.199215804554366008e-03
2.515707409641582331e+02 2.024241064696124397e+02 6.773739506359020661e-03
2.516183582164580628e+02 2.028479113255919231e+02 4.737847484039612103e-03
2.515989544060724938e+02 2.031736289146936087e+02 5.692957321670939243e-03
2.516236867239732646e+02 2.033753581661891019e+02 5.491881566380133438e-03
2.516178555270698212e+02 2.035000754034082320e+02 5.391343688734730535e-03
2.516216885336550604e+02 2.035483084502086228e+02 6.547529281656864347e-03
2.516452646659629124e+02 2.036237118584426753e+02 7.402101241642788584e-03
2.516394083345900583e+02 2.038842934700648470e+02 5.014326647564470302e-03
2.516697707736389589e+02 2.040571557834414023e+02 7.012516965766852663e-03
2.517009249484743236e+02 2.043146081536218901e+02 8.595988538681948593e-03
2.516627582566732144e+02 2.050197431257226128e+02 7.703714874578997292e-03
2.517200397124616700e+02 2.053337857537827347e+02 8.859900467501130236e-03
2.517505403910923576e+02 2.057542854270346311e+02 4.737847484039612103e-03
2.515441486955210451e+02 2.053951892625546805e+02 1.482933695269692811e-03
2.515490373498215320e+02 2.010928844317096491e+02 1.553310209621474973e-02
2.512489694867541346e+02 1.998212059518423587e+02 1.065701503041270766e-02
2.511324335193284014e+02 1.996014804202483219e+02 9.588800080430302797e-03
2.511971422108279342e+02 1.996176418840798306e+02 6.660634394007942070e-03
2.512625798019403760e+02 1.997115442618006398e+02 5.667822852259588734e-03
2.514459734580003101e+02 2.016126652591363779e+02 2.576283114663449267e-03
2.511973432865832194e+02 2.019781958477856563e+02 1.558337103503744988e-03
2.512861936359523440e+02 2.021567134167797803e+02 1.910219675262655147e-03
2.513418036495249623e+02 2.022388905645201760e+02 3.166943145830191427e-03
2.513894963052329956e+02 2.023072563213190449e+02 4.901221535213391711e-03
2.514120921932338035e+02 2.023208917709747254e+02 4.461368320514753905e-03
2.513665234001910278e+02 2.022504272859799812e+02 3.908409993465038375e-03
2.514195948323530843e+02 2.023252400341828832e+02 4.247725330518272412e-03
2.515070627859045942e+02 2.025966546021213617e+02 5.429045392851756732e-03
2.515787211581963447e+02 2.028566204192429439e+02 6.824008445181722546e-03
2.516466721962499378e+02 2.034021892122857196e+02 6.032272658724174147e-03
2.516856431910722449e+02 2.041661262755743280e+02 2.161564369376162403e-03
2.517329839642085290e+02 2.044272357110541520e+02 2.350072889961292953e-03
2.517145478308952988e+02 2.046708012868848243e+02 3.543960187000452528e-03
2.517484667973659214e+02 2.049990700246317772e+02 3.166943145830191427e-03
2.517300180968179859e+02 2.053384356306238487e+02 2.714522696425878366e-03
2.517783642487306963e+02 2.058931156688282442e+02 3.368018901120997232e-03
2.517595888000804223e+02 2.064821168250138328e+02 1.608606042326446439e-03
2.517648921731262135e+02 2.068877997285477193e+02 2.362640124666968208e-03
2.517813929522947660e+02 2.073488287337254405e+02 1.847383501734278441e-03
2.517979691348715505e+02 2.077997536821997642e+02 1.156185592922133378e-03
2.517664379429950259e+02 2.082832152013270957e+02 1.445231991152666831e-03
2.517230809832604450e+02 2.081428266224299932e+02 1.872517971145629167e-03
2.514752048459257026e+02 2.077164706178052711e+02 5.278238576383652379e-04
2.514991202935705985e+02 2.038842683355954364e+02 3.644498064645855431e-03
2.515126552053486080e+02 1.995302619011712579e+02 5.378776454029055715e-03
2.513674785100286613e+02 1.992860679636052907e+02 5.378776454029055715e-03
2.513538807620771252e+02 1.991005378776453938e+02 5.064595586387171319e-03
2.513207283969235277e+02 1.989572588347660087e+02 4.800683657567988809e-03
2.515421002362640195e+02 2.005986527924395375e+02 6.560096516362539168e-03
2.516062559694364893e+02 2.006906198160156976e+02 1.036796863218217464e-02
2.515601342180666506e+02 2.009605765847283010e+02 9.626501784547328994e-03
2.515334665460212022e+02 2.010246192127884228e+02 9.613934549841652438e-03
2.515512366158950499e+02 2.010543281556326463e+02 1.173779721510078908e-02
2.514860629367114200e+02 2.009519931634243335e+02 1.103403207158296963e-02
2.514026416327351399e+02 2.007823606293671048e+02 9.287186447494093222e-03
2.513582792942241042e+02 2.007251294425174706e+02 8.281807671040064198e-03
2.513833634946966242e+02 2.007730860101543158e+02 9.148946865731664990e-03
2.514330669079575671e+02 2.008872090685165688e+02 7.678580405167646783e-03
2.514926230332277726e+02 2.013673025687427867e+02 1.521892122857286533e-02
2.515403031217011005e+02 2.014543683707836976e+02 1.601065701503041200e-02
2.515584879103202240e+02 2.015191650329261677e+02 1.490474036093098094e-02
2.515813979791886652e+02 2.015964283918966373e+02 1.538229527974664494e-02
2.515617428241089897e+02 2.019044261800633251e+02 1.318302920625345591e-02
2.515976851153672271e+02 2.020392851756899404e+02 9.312320916905444598e-03
2.515702382747700199e+02 2.033550118132006332e+02 4.926356004624742220e-03
2.516675589403307640e+02 2.041428266224299932e+02 4.750414718745286924e-03
2.516836575679887460e+02 2.043680566028251064e+02 2.488312471723722052e-03
2.517279947720303710e+02 2.045295078670889382e+02 2.802493339365606014e-03
2.517168099331423150e+02 2.049588800080430246e+02 6.648067159302267250e-03
2.517254184889156932e+02 2.053346277585080202e+02 7.201025486351982779e-03
2.517605439099180558e+02 2.054497813301161102e+02 7.678580405167646783e-03
