2.521161394359431824e+02 2.098800407145634495e+02 1.635238683409959037e+00
2.518681808824538564e+02 1.324244264507422315e+02 8.645097097371852168e-01
2.517371508954916521e+02 1.340232621972140237e+02 8.065372035041972198e-01
2.515607287449392686e+02 1.275740753448157534e+02 5.524829021706809673e-01
2.515321370571147668e+02 1.428067773736819106e+02 3.654818271232187499e-01
2.517447791578032366e+02 1.556728996546124222e+02 2.057915322857338802e-01
2.511792012626089274e+02 1.325019785447974527e+02 2.085020242914979727e-01
2.512526819003179526e+02 1.497286877558956064e+02 2.133397378714060322e-01
2.516134518172876824e+02 1.821097577712207567e+02 9.217960154623847102e-02
2.520629474599144544e+02 1.874070770145703193e+02 1.325853747798440008e-01
2.515376380978521809e+02 1.997607561929595761e+02 2.199272627461744400e-02
2.515684141906264983e+02 2.073860678423568800e+02 3.842722843614904300e-03
2.514292756009972720e+02 2.070875020014181587e+02 3.751229442576454239e-03
2.514637343031633918e+02 2.071576660033395001e+02 2.744802031153503134e-03
2.515124659758915016e+02 2.027290880395251520e+02 6.930625128662595488e-03
2.515931288455820152e+02 2.032581257576797213e+02 4.151513072119672985e-03
2.516283652416569510e+02 2.036530455865870692e+02 4.437429950364829914e-03
2.515041972597726385e+02 2.001542807475010761e+02 7.593952286191358106e-03
2.513805210549189155e+02 1.984652668176307770e+02 6.667581600677051183e-03
2.514759257988517618e+02 1.947603902193554291e+02 1.491342436926736646e-02
2.514877055742354628e+02 1.895549989706992449e+02 1.904206409112742596e-02
2.516441478533360794e+02 1.851574944532125642e+02 3.662023376563965094e-02
2.517308149774697483e+02 1.864453326928795320e+02 2.724216015919851686e-02
2.517211166769596673e+02 1.869399231455431334e+02 3.436720876506781791e-02
2.516708067430636504e+02 1.871611656259292431e+02 3.676891054232713646e-02
2.514212699284064172e+02 1.865874219446922382e+02 2.374253756947780278e-02
2.514597772135684579e+02 1.866562707289736807e+02 2.604130927056886105e-02
2.516275418010476130e+02 1.892778768956289071e+02 2.103204556371371728e-02
2.516180951073903884e+02 1.893170475079485016e+02 3.079896612456826596e-02
2.516268441638646891e+02 1.898376678332075187e+02 2.335369061506438818e-02
2.515183215535579393e+02 1.943564468537706773e+02 1.543951142523845507e-02
2.515096296804592839e+02 1.946447883071433580e+02 2.781399391568883245e-02
2.516243509686863717e+02 1.968106200965255255e+02 8.680436423522954262e-03
2.515565772318671520e+02 2.005622269493812837e+02 1.738374619730552028e-03
2.516070472792149815e+02 2.007261488140167955e+02 7.879869164436514167e-03
2.516000137240101537e+02 2.010418582309750946e+02 3.316635787643816124e-03
2.515915620210892314e+02 2.011347011596788548e+02 4.094329696470642294e-03
2.513863080125345846e+02 2.007110295294951925e+02 2.253025000571833893e-03
2.513102426862462551e+02 2.005762140030650187e+02 2.070038198494933337e-03
2.512326448454905119e+02 2.004031542350008124e+02 1.498204442004620347e-03
2.512336512729019375e+02 2.003743681236990710e+02 1.715501269470939404e-03
2.511092888675404424e+02 1.998594546993298025e+02 8.348772844758571869e-04
2.510649031313616604e+02 1.995032594524119816e+02 1.132230837850820102e-03
2.511957158214963783e+02 1.997585260413092669e+02 3.339509137903428748e-03
2.514006496031473716e+02 2.003112262403074055e+02 6.987808504311626180e-03
2.513344426908209357e+02 2.001760333035979897e+02 5.729774240032937949e-03
2.514520231478304595e+02 1.974923488643381688e+02 6.896315103273176553e-03
2.513086644250783479e+02 1.932662915437224171e+02 3.394405178526498784e-02
2.510158741050801723e+02 1.920662183490015877e+02 1.581692170452205989e-02
2.510507216542006859e+02 1.920700038884695573e+02 1.698346256776230023e-02
2.510667901827580692e+02 1.920687916009057972e+02 1.206569226194560696e-02
2.513446899517372231e+02 1.933186486424666555e+02 1.485624099361833490e-02
2.515056154074887331e+02 1.940259383791944003e+02 1.739518287243532399e-02
2.515991216633500187e+02 1.948923808870285370e+02 2.084905876163681629e-02
2.515667901827580692e+02 1.948608842837210489e+02 1.959102449735812893e-02
2.516089686406367889e+02 1.981090029506621875e+02 6.827695052494338682e-03
2.516593014478830810e+02 1.984550309933896131e+02 1.668610901438733612e-02
2.516410599510510337e+02 1.984468423339966705e+02 2.046021180722340516e-02
2.515923740250234459e+02 1.991378119353141756e+02 7.571078935931746350e-03
2.515944097531965440e+02 2.003570873075779275e+02 7.674009012100002289e-03
2.513155836135318850e+02 2.021348727098058191e+02 1.624007868432489343e-03
2.513595576294059697e+02 2.022304490038656013e+02 2.310208376220865018e-03
2.512844415471534205e+02 2.021143667512980642e+02 2.184404949792996022e-03
2.511270157139916250e+02 2.018619250211578446e+02 2.001418147716095899e-03
2.512624373842036505e+02 2.020010407374368242e+02 1.715501269470939404e-03
2.514930579381962161e+02 2.023490816349870727e+02 7.811249113657677164e-03
2.517482902170681029e+02 2.027971591298977501e+02 1.866465381184382114e-02
2.517441387039959864e+02 2.045383700450605033e+02 7.262288707426976797e-03
2.518419794597314763e+02 2.052859626249456824e+02 1.704064594341133179e-02
2.517716439076831705e+02 2.061622521100665608e+02 8.749056474301790398e-03
2.517900455179670303e+02 2.064843546284224374e+02 8.806239849950821957e-03
2.517432237699855762e+02 2.073652759669708701e+02 2.824858757062146883e-03
2.517642558155492907e+02 2.073439694412040524e+02 3.705482742057228992e-03
2.517813193348429763e+02 2.073759349481918548e+02 4.174386422379285609e-03
2.515751847023033463e+02 2.050641368741279393e+02 3.270889087124591310e-03
2.514090326860175253e+02 2.035505958507742719e+02 9.378073606441135815e-03
2.512270294380017788e+02 2.028491960017383633e+02 1.051030444429195548e-02
2.512073011734028682e+02 2.022444589308996115e+02 6.118621194446350817e-03
2.511836958759349443e+02 2.021492943571444982e+02 5.615407488734874830e-03
2.511723621308813108e+02 2.020723941535716790e+02 6.015691118278094010e-03
2.512163132734051487e+02 2.021517418056222652e+02 7.125048605869301922e-03
2.513268716118849966e+02 2.023763924151970457e+02 7.925615864955739415e-03
2.514162721013746875e+02 2.025406802534367330e+02 8.417392895537409089e-03
2.514860815663670337e+02 2.029931723049475067e+02 7.834122463917290655e-03
2.516032045563713666e+02 2.036106727052311385e+02 1.150529518058510114e-02
2.517172739541160524e+02 2.040313250531805522e+02 1.016720419039776786e-02
2.517952720785013412e+02 2.050973261053546537e+02 7.010681854571238804e-03
2.518431688739449612e+02 2.062696996729110879e+02 4.403119924975410979e-03
2.518416935428532213e+02 2.062103547656625153e+02 3.442439214071685120e-03
2.518195407031267905e+02 2.062487019373727719e+02 4.494613326013861473e-03
2.516374002150095066e+02 2.058420137697568464e+02 3.110775635307303378e-03
2.512668633774788987e+02 2.038368100825727822e+02 4.208696447768704545e-03
2.513298680207689983e+02 2.039107024405864763e+02 4.140076396989866674e-03
2.513889270111393159e+02 2.041953955945927532e+02 4.597543402182117413e-03
2.514029255014982027e+02 2.042242045792447129e+02 6.415974747821313190e-03
2.514001578261167822e+02 2.041574715798622890e+02 5.329490610489718769e-03
2.515331777945515626e+02 2.047832978796404291e+02 4.357373224456185731e-03
2.516726251744092906e+02 2.068046730254580439e+02 7.433838834374071258e-04
2.516845193165442822e+02 2.068454676456460675e+02 2.310208376220865018e-03
2.516337290422928277e+02 2.068176993984308751e+02 2.824858757062146883e-03
2.515784441547153278e+02 2.066684622246620506e+02 2.504631853427571452e-03
2.515110935748759005e+02 2.042485646972712061e+02 2.596125254466021513e-03
2.513409272856195287e+02 2.038097852192410642e+02 2.744802031153503134e-03
2.512353553374962871e+02 2.031680505043573817e+02 2.927788833230403256e-03
2.513112033669571588e+02 2.033560122601157332e+02 4.037146320821610734e-03
2.516410027676753884e+02 2.043051419291383581e+02 3.167959010956334937e-03
2.518259223678492162e+02 2.058329559230540440e+02 1.406711040966170286e-03
2.518101969395457331e+02 2.064994853496191638e+02 1.121937830233994335e-02
2.517407648848326858e+02 2.067194697957409915e+02 4.357373224456185731e-03
2.517161645966284595e+02 2.069186280564514391e+02 4.048582995951417046e-03
2.516512042818911823e+02 2.056028385827672196e+02 5.032137057114755528e-04
2.517217228207415474e+02 2.057095084517029306e+02 3.957089594912966551e-03
2.516403508771929864e+02 2.056467325419154122e+02 4.563233376792698477e-03
2.516110615521855607e+02 2.056323680779523784e+02 3.739792767446647927e-03
2.515934833825110388e+02 2.057030238569043092e+02 5.066447082504174464e-03
2.515477023719664089e+02 2.056163796061209155e+02 3.099338960177497066e-03
2.516357075870902804e+02 2.058875546101237433e+02 6.942061803792401800e-03
2.517505318053935355e+02 2.067832978796404291e+02 1.320935977492623294e-02
2.518254992108694239e+02 2.077702486333173226e+02 3.442439214071685120e-03
2.517013541023353582e+02 2.085727143804753041e+02 2.184404949792996022e-03
2.513703767240787670e+02 2.085672133397378616e+02 8.691873098652760140e-04
2.512487591207484172e+02 2.082581257576797213e+02 2.744802031153502917e-04
2.512612708433404123e+02 2.082680642283675354e+02 3.431002538941878917e-04
2.511688396349413210e+02 2.081263523868340997e+02 1.944234772067064611e-04
2.512177542944715185e+02 2.081420549417873360e+02 1.486767766874814035e-04
2.512179372812735778e+02 2.080874905647430069e+02 1.715501269470939459e-04
2.512343146000594629e+02 2.080689517143576097e+02 9.034973352546947327e-04
2.513913172762414376e+02 2.082455111050115590e+02 2.092911548754545960e-03
2.512722386147898987e+02 2.079126123653331604e+02 2.573251904206409323e-03
2.516083396235046621e+02 2.034701845879365862e+02 8.886296575859466140e-03
2.513395777579542028e+02 2.018513346599876570e+02 9.332326905921910568e-03
2.511945378439580168e+02 1.999287609506164358e+02 9.663990484686291876e-03
2.513026601706351926e+02 2.000131178663738751e+02 1.611427525789702400e-02
2.513571444909536012e+02 2.001637846245339460e+02 1.521077792264232884e-02
2.515637480271735456e+02 2.028373590429790170e+02 7.216542006907751550e-03
2.516235961481278025e+02 2.030636679704476251e+02 1.339234657700313393e-02
2.516089915139870641e+02 2.031111301722363294e+02 9.057846702806560818e-03
2.515819323406299191e+02 2.032589606349642111e+02 6.987808504311626180e-03
2.515909787506575981e+02 2.034500102930076082e+02 9.378073606441135815e-03
2.515802740227361198e+02 2.036059264850522652e+02 7.879869164436514167e-03
2.515903726068757180e+02 2.039368238065829644e+02 8.657563073263341638e-03
2.516962190352020912e+02 2.045939751595416283e+02 4.471739975754248850e-03
2.517871749125094425e+02 2.065322742972163041e+02 1.452457741485395316e-03
2.516858345341842096e+02 2.085063016079965337e+02 1.658317893821908062e-03
2.517314096845765050e+02 2.100138383769070742e+02 3.795832475582698595e-02
2.516318305542212670e+02 2.105970173151261520e+02 3.668885381641848881e-02
2.515899837599213242e+02 2.106628925638738394e+02 2.382259429538644696e-02
2.515033623824881772e+02 2.103729957226834983e+02 1.349527665317139073e-02
2.515880623984995168e+02 2.073794803174820913e+02 1.166540863240238821e-03
2.516306411400077820e+02 2.074892380887028480e+02 3.339509137903428748e-03
2.516372744115830642e+02 2.075019556714472060e+02 3.922779569523548483e-03
2.516364967176742482e+02 2.075650975548388431e+02 4.425993275235023602e-03
2.516551728081612112e+02 2.076530570232621926e+02 2.584688579336215201e-03
2.515617809190512162e+02 2.074938699421304307e+02 2.070038198494933337e-03
2.515003202269036251e+02 2.072747432466433395e+02 2.047164848235321147e-03
2.514198746540405693e+02 2.070989043665225608e+02 1.246597589148882570e-03
2.514715569889521589e+02 2.041210457695738683e+02 2.973535533749628503e-03
2.514155515908415168e+02 2.008074407008394644e+02 1.388412360758480360e-02
2.512888675404286403e+02 1.987952377684759426e+02 2.398270774720373186e-02
2.512213682838125237e+02 1.973158809670852349e+02 3.370388160753905876e-02
2.513205242571879410e+02 1.963527985544042735e+02 1.422722386147899122e-02
2.512062718726411958e+02 1.958680893890528125e+02 1.216862233811386376e-02
2.513302797410736673e+02 1.962766646080651469e+02 1.547382145062787401e-02
2.514970150277911216e+02 1.968593288959033885e+02 1.601134518172876720e-02
2.516992840641368616e+02 2.001678446442050472e+02 8.703309773782565151e-03
2.517370250920652381e+02 2.003538278551659459e+02 1.701777259315171917e-02
2.516687367048651538e+02 2.006185640110707027e+02 1.411285711018092810e-02
2.516278391546009630e+02 2.006364395342986029e+02 1.364395342985887105e-02
2.515950158969784241e+02 2.005548045472220338e+02 1.235160914019076302e-02
2.515043001898488058e+02 2.003973444040348681e+02 8.131476017292253028e-03
2.514589423362839966e+02 2.003167501543951232e+02 6.461721448340538437e-03
2.515228276035590795e+02 2.005226331800818969e+02 6.541778174249182620e-03
2.515634735469704140e+02 2.010397767561014746e+02 8.303026144239345971e-03
2.515560740181614392e+02 2.017887531736773497e+02 7.353782108465427292e-03
2.517045334980214477e+02 2.042223289645234274e+02 3.808412818225485365e-03
2.516982890734005878e+02 2.049320318397035692e+02 1.392987030810402885e-02
2.516795672362130745e+02 2.054421304238431674e+02 9.526750383128616134e-03
2.517285733891443158e+02 2.056027585260412991e+02 8.840549875340240893e-03
2.517513552460028734e+02 2.056646766851940811e+02 5.901324366980031759e-03
2.516166883963494172e+02 2.053922093369015727e+02 3.842722843614904300e-03
2.513174706649282939e+02 2.037408792515839764e+02 1.738374619730552028e-03
2.515205288318580017e+02 2.041719618472517652e+02 1.875614721288227120e-03
2.516114847091653530e+02 2.043456506324481268e+02 3.270889087124591310e-03
2.518202840870102364e+02 2.054476657746060084e+02 2.154669594455499784e-02
2.519216130286603175e+02 2.060664928292046909e+02 2.785974061620805770e-02
2.517835151764678869e+02 2.064457101031588024e+02 2.681900317939568679e-02
2.515963082412681047e+02 2.070788673116951486e+02 1.136805507902742540e-02
2.515818637205791504e+02 2.075936549326379748e+02 1.394130698323383342e-02
2.515002516068528564e+02 2.071654886891282956e+02 1.004140076396989843e-02
2.515312106864292332e+02 2.072506804821702246e+02 1.156247855623413097e-02
2.514658272147121352e+02 2.069568837347606234e+02 8.737619799171984086e-03
2.515754134358059559e+02 2.028008303026144290e+02 4.471739975754248850e-03
2.515000686200507687e+02 2.026424780987671284e+02 4.940643656076305901e-03
2.514890779752510355e+02 2.026185068276950574e+02 5.180813833802236715e-03
2.514740844941558464e+02 2.025490518996317348e+02 5.718337564903131637e-03
2.512570278368672518e+02 2.018918547999725490e+02 3.385255838422653561e-03
2.512309293442210389e+02 2.018029575241885709e+02 2.984972208879434381e-03
2.512625288776046943e+02 2.018349573412017719e+02 4.082893021340835982e-03
2.512356755643999122e+02 2.016975571261922653e+02 3.865596193874516924e-03
2.511461263981335321e+02 2.015367117271666757e+02 3.053592259658272252e-03
2.510934948191861622e+02 2.013460623527527957e+02 3.167959010956334937e-03
2.510241313845238835e+02 2.010163086987351164e+02 2.481758503167958829e-03
2.510779638143598902e+02 2.010737551179121283e+02 2.618998604725634137e-03
2.510873075779409476e+02 2.010646515245088040e+02 2.882042132711178008e-03
2.510692719412612348e+02 2.010016697545689510e+02 2.790548731672727947e-03
2.514902673894645488e+02 1.977835837965186840e+02 7.994235915734577286e-03
2.514331297605160103e+02 1.976525881195818783e+02 8.303026144239345971e-03
2.514224364692696554e+02 1.976319906676731080e+02 6.427411422951119502e-03
2.513744710537752383e+02 1.974430110478281790e+02 6.255861296004025691e-03
2.515792675953246942e+02 1.994833939477115337e+02 5.020700381984949216e-03
2.516689883117180102e+02 1.999003636862691167e+02 1.540520139984903614e-02
2.516290628788398749e+02 2.012487591207484172e+02 9.618243784167066629e-03
2.516653514490267298e+02 2.031788467256799038e+02 1.109357487591207479e-03
2.517715409776070032e+02 2.044876483908598175e+02 1.546238477549806770e-02
2.517151696058921857e+02 2.065757336627095810e+02 3.488185914590909934e-03
2.516930053294906031e+02 2.080733205242571842e+02 1.498204442004620347e-03
2.516831240421784628e+02 2.087528191404194899e+02 1.334659987648390868e-02
2.516410142043505118e+02 2.090415036940460709e+02 1.205425558681580064e-02
2.514688808069718107e+02 2.077784716027356637e+02 2.253025000571833893e-03
2.513246643335849342e+02 2.057605045861067197e+02 4.643290102701342660e-03
2.512408906882590998e+02 2.041253002127221521e+02 1.331228985109448974e-02
2.511987465404057787e+02 2.031585580639996351e+02 8.222969418330703523e-03
2.511797616596902856e+02 2.018165099842173902e+02 3.774102792836066863e-03
2.515239026510213023e+02 1.976527939797342128e+02 1.115075825156110548e-02
2.511446396303666688e+02 1.956412543745282449e+02 1.394130698323383342e-02
2.511243624053615235e+02 1.937087879411697315e+02 9.080720053066173442e-03
2.512003362382488092e+02 1.938074063908140658e+02 1.193988883551773753e-02
2.515303529357944967e+02 1.962513781193531486e+02 7.376655458725039048e-03
2.515394450925226977e+02 1.963022255769802484e+02 1.028157094169583098e-02
2.514883231546924662e+02 1.985083144628193565e+02 3.167959010956334937e-03
2.515203000983553920e+02 2.007878039296415693e+02 3.274320089663532857e-02
2.515882225119513294e+02 2.010662755323772330e+02 2.673894645348704260e-02
2.515492806331343445e+02 2.023583910885427315e+02 6.255861296004025691e-03
2.515957020974862246e+02 2.025187104005123615e+02 8.017109265994189909e-03
2.515947528534504443e+02 2.027614538301425000e+02 1.001852741371028581e-02
2.516204853724925101e+02 2.039526292916123396e+02 3.110775635307303378e-03
2.516562135455980354e+02 2.041219035202086047e+02 3.042155584528465941e-03
2.515046547267778294e+02 2.037159244264507549e+02 1.543951142523845377e-03
2.515885084288295843e+02 2.038595118827054478e+02 2.561815229076603011e-03
2.516850568402753936e+02 2.045149134243692686e+02 1.173402868318122565e-02
2.514316429927491470e+02 2.062075413435806013e+02 2.859168782451565493e-04
2.515324458473432685e+02 2.064109083007388108e+02 9.606807109037260751e-04
2.515819666506553176e+02 2.064891923420023261e+02 1.429584391225782909e-03
2.516227383974930945e+02 2.065476566252659154e+02 2.275898350831446083e-03
2.516769139275829730e+02 2.066491914270683310e+02 2.561815229076603011e-03
2.516319334842974342e+02 2.065046661634529528e+02 2.813422081932340571e-03
2.516646652485189577e+02 2.065358882865573378e+02 3.110775635307303378e-03
2.516548525812575861e+02 2.065289462247535255e+02 2.859168782451565818e-03
2.514980557652279458e+02 2.060447860198083276e+02 1.235160914019076475e-03
2.515484457558498548e+02 2.030392049223449646e+02 5.867014341590612823e-03
2.514589995196596419e+02 2.027855737779912602e+02 4.334499874196573975e-03
2.514545277796839002e+02 2.027399871909238414e+02 4.345936549326379419e-03
2.512285276424437939e+02 2.012607218829342060e+02 4.528923351403280409e-03
2.516166197762986485e+02 1.977117386033532398e+02 1.964820787300716048e-02
2.513698735103730542e+02 1.969804318488529020e+02 1.207712893707541327e-02
2.512736910725313919e+02 1.962014341590612787e+02 1.243166586609940720e-02
2.512066607195955896e+02 1.955631075733662669e+02 9.641117134426679253e-03
2.513036894713968650e+02 1.958107344632768445e+02 1.019007754065738049e-02
2.515799194858070962e+02 1.967005764084265422e+02 1.421578718634918491e-02
2.516192273382282281e+02 1.968597977995837027e+02 1.359820672933964580e-02
2.516283194949564290e+02 1.994672682357785050e+02 1.057892449507079335e-02
2.513992200187561536e+02 1.990593105972231740e+02 1.262608934330611450e-02
2.513542624488208901e+02 1.989013014936297736e+02 8.657563073263341638e-03
2.514347308950341926e+02 1.990601912212081572e+02 8.714746448912371463e-03
2.514714311855257449e+02 1.991494201605709122e+02 9.389510281570942127e-03
2.516447883071433580e+02 2.029006152931219731e+02 3.556805965369747805e-03
2.516429927491479646e+02 2.038712802214140254e+02 1.414716713557034704e-02
2.515649260047119071e+02 2.044523776847594831e+02 1.566824492783458131e-02
2.516780347217456892e+02 2.056073331960932364e+02 5.283743909970493521e-03
2.517306319906676606e+02 2.058599007296598700e+02 3.179395686086141249e-03
2.517209451268327314e+02 2.059061620805599375e+02 3.133648985566916002e-03
2.516479333928040489e+02 2.057497198014593209e+02 4.528923351403280409e-03
2.515497152267892602e+02 2.053792058372789882e+02 3.385255838422653561e-03
2.515392735423957618e+02 2.015343214620645540e+02 3.728356092316841616e-03
2.514606807109037163e+02 2.014173814588622804e+02 2.630435279855440449e-03
2.514879457444131958e+02 2.015401312930304982e+02 4.974953681465723969e-03
2.515118026487339478e+02 2.016441936000366013e+02 2.641871954985246761e-03
2.515415380040714695e+02 2.021793385027104932e+02 2.333081726480477642e-03
2.515674420732404712e+02 2.047653537363617602e+02 1.646881218692101750e-03
2.516082138200782197e+02 2.049011871268784830e+02 5.878451016720419135e-03
2.513974587707861588e+02 2.006344381161508750e+02 4.791966879388823847e-03
2.515053066172602314e+02 1.982192868089389037e+02 2.648733960063130374e-02
2.514562890276538667e+02 1.989143850499782786e+02 3.691758731901461504e-02
2.514910565200484882e+02 1.993026372972849458e+02 1.436446396303666523e-02
2.514545506530341470e+02 1.995298154120634138e+02 8.977789976897916635e-03
2.515578810128319560e+02 2.038915688830942941e+02 2.127221574143964896e-03
2.516074933095450490e+02 2.045474278917633058e+02 2.407420114824218235e-02
2.517918296392872719e+02 2.063093734989363952e+02 4.300189848807155039e-03
2.517093712116013648e+02 2.074326608568356960e+02 6.862005077883757834e-04
2.517291909696013192e+02 2.075539811066126958e+02 1.338090990187332631e-03
2.517275669617328901e+02 2.077117042933278412e+02 3.751229442576454239e-03
2.516891626066469883e+02 2.076550813147601673e+02 3.408129188682266185e-03
2.513985681282737517e+02 2.060211692856652803e+02 3.373819163292847683e-03
2.513559093300395659e+02 2.059178846725679932e+02 3.053592259658272252e-03
2.513823737962899543e+02 2.060359225965827079e+02 1.864178046158420808e-03
2.514608751343809274e+02 2.064334156773942652e+02 3.019282234268853317e-03
2.516017635353050252e+02 2.072361444680802265e+02 4.025709645691804422e-03
2.517223975845742245e+02 2.081400077769390862e+02 4.963517006335917657e-03
2.517294197031039005e+02 2.084961572771563851e+02 2.870605457581372130e-03
2.517609277430865404e+02 2.084635970630618260e+02 2.973535533749628503e-03
2.513209931608682837e+02 2.085288776047027568e+02 5.718337564903130986e-04
2.513796747409593024e+02 2.086119078661451454e+02 5.375237311008943799e-04
2.516697316956014561e+02 2.096217090967313936e+02 1.829868020769002089e-03
2.516051144811180507e+02 2.093886525309362128e+02 2.630435279855440449e-03
2.515812118300967484e+02 2.093188087559184680e+02 2.355955076740090266e-03
2.514075344815755102e+02 2.084606120908529476e+02 1.429584391225782909e-03
2.512435439968892297e+02 2.075795077655024272e+02 1.326654315057526536e-03
2.512831492028637399e+02 2.076091859374642468e+02 1.429584391225782909e-03
2.513090647087078935e+02 2.075446716530570370e+02 8.691873098652760140e-04
2.512644616757016536e+02 2.074350396852626943e+02 8.806239849950822174e-04
2.512959125323086198e+02 2.074779386536746131e+02 1.395274365836363974e-03
2.513961778631716300e+02 2.038427114069397703e+02 5.809830965941581264e-03
2.513423568700107467e+02 1.994543104828564140e+02 1.545094810036826138e-02
2.512947917381458751e+02 1.978167615910702466e+02 1.957958782222832261e-02
2.512396212173196943e+02 1.976560305587959476e+02 2.628147944829479013e-02
2.512649534527322146e+02 1.976499919943274222e+02 1.595416180607973564e-02
2.513106315332006773e+02 1.979189368466799408e+02 1.176833870857064458e-02
2.515290605915048445e+02 2.017892678240581859e+02 6.713328301196276431e-03
2.515688373476062907e+02 2.018783823966696502e+02 1.120794162721013704e-02
2.515439740158741131e+02 2.023354033715318394e+02 4.437429950364829914e-03
2.515632905601683547e+02 2.031098950113223225e+02 3.705482742057228992e-03
2.516299778128502567e+02 2.032959468423339899e+02 4.448866625494636226e-03
2.516219492669091267e+02 2.034395800452892331e+02 5.809830965941581264e-03
2.516057663716004527e+02 2.036452457741485489e+02 3.270889087124591310e-03
2.516365767744001403e+02 2.039865504700473480e+02 2.333081726480477642e-03
2.516702920926828142e+02 2.042713236807795170e+02 3.659736041538004178e-03
2.516681991811340708e+02 2.045361398934101942e+02 4.769093529129211223e-03
2.516730025846885894e+02 2.047417141288684661e+02 4.837713579908049094e-03
2.517015256524623226e+02 2.048588828655733209e+02 5.135067133283012335e-03
2.517172053340652838e+02 2.049231912898282246e+02 5.306617260230106145e-03
2.517433152633866200e+02 2.050621354559802398e+02 6.793385027104919746e-03
2.517679041149157229e+02 2.051865321713671335e+02 6.175804570095381509e-03
2.517384318031062094e+02 2.053174935382785407e+02 4.689036803220567907e-03
2.517528305770946133e+02 2.054703447013883988e+02 3.979962945172579175e-03
2.517912692422059138e+02 2.056376289485120878e+02 4.952080331206111345e-03
2.518203641437361284e+02 2.057404446579290607e+02 5.489604062307006267e-03
2.518373361696287702e+02 2.058071547839612094e+02 4.128639721860061229e-03
2.517820627187264222e+02 2.063158809670852349e+02 3.934216244653354795e-03
2.517277270751847027e+02 2.068037009080720168e+02 4.471739975754248850e-03
2.517631121480363277e+02 2.072858139481689932e+02 5.169377158672430403e-03
2.517172167707404071e+02 2.078157094169582990e+02 5.032137057114755528e-03
2.517436240536151217e+02 2.078476520505958547e+02 6.919188453532789176e-03
2.517315126146526723e+02 2.078165442942427887e+02 6.793385027104919746e-03
2.515303300624442500e+02 2.035691003911342989e+02 6.942061803792401800e-03
2.513680207690020438e+02 2.013544911823234713e+02 6.175804570095381509e-03
2.512723872915665879e+02 2.008554175530089765e+02 7.388092133854845360e-03
2.513103456163224223e+02 2.007614195201171015e+02 1.059036117020059967e-02
2.512559870994304561e+02 2.005347217456940996e+02 9.789793911114161307e-03
2.513213591344724307e+02 2.006362908575219137e+02 9.549623733388228758e-03
2.514963631373087196e+02 2.013093620622612718e+02 7.399528808984651672e-03
2.515660467988746234e+02 2.015934033257851183e+02 1.054461446968137442e-02
2.515808801665179999e+02 2.021898373704796654e+02 1.046455774377273024e-02
2.516564994624762619e+02 2.028222397584574139e+02 9.538187058258422446e-03
2.516852055170520828e+02 2.030863583339051672e+02 7.445275509503876919e-03
2.516188156179235591e+02 2.042089251812712973e+02 3.007845559139047005e-03
2.516623207301173295e+02 2.045448889498844949e+02 4.117203046730254917e-03
2.516951096777144983e+02 2.047587433381367248e+02 4.689036803220567907e-03
2.517123561838102432e+02 2.050387131453144036e+02 4.128639721860061229e-03
2.517877124362405254e+02 2.056034104165237011e+02 3.442439214071685120e-03
2.518342482673437246e+02 2.058996774857613445e+02 1.806994670509389465e-03
2.513916832498456131e+02 2.067689562890276420e+02 6.061437818797319257e-04
2.514171527253596707e+02 2.067971705665728734e+02 6.976371829181819868e-04
2.511991353873601724e+02 2.064190397767561080e+02 1.829868020769002035e-04
2.511965392621057163e+02 2.064097188865252974e+02 1.601134518172876882e-04
2.512503945652919697e+02 2.065219355428989729e+02 3.431002538941878917e-04
2.515267961298291368e+02 2.071328026716073225e+02 6.679018275806857495e-03
2.518098309659415861e+02 2.082635581783663952e+02 1.460463414076259778e-02
2.517736796358562685e+02 2.086876072188293278e+02 2.047164848235321147e-02
2.517019144994167164e+02 2.106236990782039982e+02 1.566824492783458001e-03
2.516497975708502111e+02 2.105460097440472111e+02 2.744802031153503134e-03
2.514703447013883988e+02 2.101120679795969579e+02 3.305199112514009812e-03
2.514905304329925286e+02 2.101367826345524747e+02 2.882042132711178008e-03
2.514053843866511215e+02 2.083126215146732534e+02 0.000000000000000000e+00
2.514165351449026673e+02 2.082179372812735778e+02 4.574670051922505087e-05
2.513984080148219391e+02 2.057732564788764478e+02 1.395274365836363974e-03
2.514462819369153124e+02 2.025203687184061891e+02 1.004140076396989843e-02
2.514155172808161183e+02 2.001962190352020912e+02 1.452457741485395359e-02
2.512658569500674730e+02 1.998187858825682213e+02 1.325510647544545818e-02
2.512558612960040136e+02 1.996746494659072653e+02 7.548205585672133726e-03
2.512510464557743717e+02 1.996207141059950914e+02 6.404538072691506878e-03
2.513640636794071099e+02 2.002387977767103564e+02 8.017109265994189909e-03
2.513982021546696046e+02 2.002721699947391301e+02 8.840549875340240893e-03
2.514317573595004376e+02 2.003142226491914357e+02 8.177222717811478275e-03
2.513285413664539476e+02 2.000463757176513582e+02 5.581097463345455895e-03
2.516300464329010254e+02 1.971144353713488329e+02 5.867014341590612823e-03
2.516013060682998344e+02 1.970143759006381572e+02 9.972780713191060561e-03
2.515893204327637989e+02 1.972037901141380303e+02 8.360209519888377530e-03
2.515229648436606453e+02 1.990299640888401029e+02 4.814840229648436470e-03
2.516248770557423597e+02 2.001277362245247957e+02 2.813422081932340571e-03
2.516248656190672364e+02 2.006732541915414458e+02 4.689036803220567907e-03
2.515940552162675203e+02 2.019484320318397010e+02 3.865596193874516924e-03
2.516230471877215962e+02 2.023556920332121081e+02 3.774102792836066863e-03
2.516001624007868429e+02 2.022793179166952484e+02 5.169377158672430403e-03
2.514738328873029900e+02 2.020234566206912348e+02 3.877032869004323236e-03
2.513513232233125052e+02 2.017464031656716656e+02 3.694046066927422680e-03
2.513657791806765829e+02 2.017536082710034577e+02 3.819849493355291677e-03
2.514051213431231133e+02 2.017882042132711149e+02 4.620416752441730036e-03
2.514102678469315322e+02 2.017925615864955660e+02 6.210114595484800444e-03
2.514631624694068819e+02 2.019868249502504511e+02 6.907751778402982865e-03
2.515702440586472619e+02 2.023282668862508160e+02 5.375237311008943149e-03
2.516182666575173243e+02 2.025272078501338058e+02 5.272307234840687210e-03
2.516137949175415827e+02 2.027062718726411958e+02 5.992817768018481386e-03
2.516157848990141588e+02 2.030147990576179780e+02 5.192250508932043027e-03
2.515960337610649731e+02 2.030306388526727517e+02 4.197259772638898233e-03
2.513145771861204594e+02 2.019981586953041131e+02 4.883460280427274341e-03
2.511090486973627094e+02 1.996999473912944154e+02 1.619433198380566818e-02
2.511550126947093986e+02 1.992265490976463411e+02 1.819575013152176235e-02
2.511690111850682854e+02 1.987804958942336384e+02 1.517646789725290990e-02
2.511100779981243818e+02 1.986647453052448498e+02 1.133374505363800647e-02
2.514408609529037619e+02 1.995975777122075101e+02 8.314462819369152283e-03
2.514894896955557044e+02 1.996670669502962028e+02 9.652553809556485565e-03
2.514319632196527721e+02 2.009673826025297956e+02 1.115075825156110548e-02
2.516996386010658853e+02 2.027056886022095625e+02 2.859168782451565818e-03
2.517105834991651250e+02 2.028327614995768329e+02 3.854159518744710612e-03
2.516495574006724780e+02 2.027703058166929679e+02 4.311626523936961351e-03
2.516330885884855491e+02 2.027549463619936319e+02 2.641871954985246761e-03
2.516441707266863261e+02 2.029256959216816369e+02 4.174386422379285609e-03
2.516932912463688581e+02 2.048191861661977669e+02 3.865596193874516924e-03
2.516869782016972010e+02 2.054948763695418563e+02 1.855028706054575802e-02
2.516894027768247213e+02 2.062728561952469306e+02 7.811249113657677164e-03
2.513705482742057313e+02 2.073318808755918496e+02 2.744802031153502917e-04
2.513709485578352769e+02 2.073256478876461131e+02 4.917770305816693494e-04
2.511971911525881183e+02 2.065571147555982634e+02 5.032137057114755528e-04
2.510013037809648040e+02 2.054242663372904190e+02 2.470321828038152950e-03
2.510778837576339697e+02 2.051098492646218006e+02 1.955671447196871086e-03
2.513308630115053006e+02 2.058481552643015675e+02 6.118621194446350817e-03
2.516999702646446622e+02 2.073204785104874190e+02 9.915597337542029002e-03
2.516375374551110440e+02 2.077654795397882026e+02 1.221436903863308901e-02
2.516591298977561166e+02 2.081300464329010254e+02 9.137903428715203266e-03
2.516549669480088767e+02 2.110022873350259545e+02 2.287335025961252544e-05
2.517149408723895760e+02 2.112176170543699527e+02 3.579679315629360429e-03
2.516699375557537905e+02 2.121050687344175287e+02 4.894896955557080653e-03
2.516069329124636909e+02 2.130535808229831503e+02 2.790548731672727947e-03
2.514311969624190795e+02 2.125064388480980710e+02 1.887051396418033431e-03
2.516196504952080204e+02 2.062386376632585439e+02 4.551796701662892165e-03
2.514688808069718107e+02 2.012016743292390117e+02 9.686863834945904500e-03
2.513037466547725387e+02 2.006128113634804038e+02 1.033875431734486081e-02
2.514208467714266249e+02 1.980153594546993361e+02 1.418147716095976597e-02
2.513800750245888480e+02 1.977777053455019427e+02 1.216862233811386376e-02
2.513919806033989914e+02 1.979880029277888411e+02 1.016720419039776786e-02
2.515074567121846201e+02 1.990049749536814545e+02 1.143667512980626327e-02
2.515557652279329375e+02 1.991001967108122415e+02 1.152816853084471203e-02
2.515041400763969932e+02 1.992901141380177990e+02 1.155104188110432466e-02
2.515270477366819932e+02 1.999459273999862887e+02 1.035019099247466712e-02
2.515463185342757129e+02 1.999642260801939528e+02 1.250028591687824507e-02
2.515301813856675608e+02 1.999117774880486706e+02 1.264896269356572713e-02
2.515226789267824188e+02 1.998958004528923311e+02 1.298062627233010843e-02
2.514896498090075170e+02 2.004888835517738244e+02 7.731192387749033848e-03
2.516297262059974003e+02 2.027266977744230303e+02 3.488185914590909934e-03
2.516081337633523276e+02 2.026785379354514021e+02 3.499622589720716246e-03
2.516401678903908987e+02 2.028121869210183092e+02 5.695464214643519013e-03
2.516041538004071469e+02 2.030910473707083952e+02 8.337336169628764906e-03
2.515659896154989781e+02 2.032157643129989140e+02 7.022118529701045116e-03
2.515439282691735912e+02 2.034871451771541047e+02 8.611816372744116391e-03
2.515828244012900541e+02 2.035779066309842449e+02 7.891305839566320479e-03
2.514951965964454814e+02 2.033973787140602383e+02 4.872023605297468030e-03
2.514862188064685711e+02 2.033897847617740524e+02 4.494613326013861473e-03
2.515453349802145624e+02 2.039199432740913664e+02 3.579679315629360429e-03
2.517332852992977905e+02 2.058894645348704273e+02 5.603970813605068952e-04
2.517680985383929055e+02 2.060200484915025640e+02 4.528923351403280409e-03
2.516769253642580964e+02 2.064966261808366994e+02 3.248015736864978686e-03
2.516720762140030558e+02 2.065250577552094171e+02 3.042155584528465941e-03
2.516455088176765287e+02 2.064837256112902821e+02 1.669754568951714374e-03
2.516767766874814072e+02 2.068166815343443261e+02 3.133648985566916002e-03
2.516621263066401468e+02 2.072544088382625489e+02 4.540360026533086721e-03
2.517094970150277788e+02 2.075594364006496164e+02 2.801985406802534259e-03
2.515127518927697281e+02 2.048787254969235221e+02 7.113611930739495610e-03
2.513814131155790506e+02 1.991388297994007246e+02 1.086484137331594942e-02
2.512132024977698563e+02 1.987451451314073836e+02 9.755483885724742371e-03
2.511621034332898716e+02 1.975990644799743734e+02 6.130057869576157129e-03
2.511148928383540238e+02 1.970075253322354172e+02 6.541778174249182620e-03
2.515652919783160542e+02 1.991175118369587551e+02 1.033875431734486081e-02
2.516291772455911655e+02 1.992984171641620321e+02 1.809282005535350901e-02
2.516025183558635945e+02 2.021705894462361925e+02 4.517486676273474097e-03
2.516694457787232011e+02 2.023654132070724359e+02 7.834122463917290655e-03
2.516119650495207907e+02 2.028232919325693615e+02 8.554632997095084831e-03
2.516060065417781857e+02 2.029678400695349865e+02 6.393101397561700566e-03
2.515297353553374933e+02 2.028605068734417500e+02 4.162949747249479297e-03
2.515524600288204340e+02 2.028668656648139290e+02 4.094329696470642294e-03
2.515394565291978211e+02 2.033794574441318446e+02 6.152931219835769752e-03
2.514206637846245371e+02 2.056827580685743158e+02 2.172968274663190035e-04
2.514591367597612077e+02 2.057383746197305641e+02 4.574670051922505223e-04
2.515334637114298175e+02 2.058382739769893988e+02 1.589697843043070625e-03
2.515800910359340321e+02 2.058826825865184560e+02 1.955671447196871086e-03
2.516172716667810221e+02 2.059433998947826012e+02 2.172968274663189710e-03
2.516824835883711842e+02 2.060968915116997096e+02 2.367391751869896577e-03
2.517515267961298377e+02 2.064888263683981791e+02 3.293762437384203500e-03
2.518599236030101451e+02 2.073410073423454207e+02 1.628582538484411868e-02
2.518099110226674782e+02 2.076777259315171875e+02 2.087193211189642891e-02
2.517272467348292366e+02 2.084044008325899426e+02 6.175804570095381509e-03
2.517036300006861893e+02 2.087680871017177822e+02 4.723346828609986843e-03
2.517383974930808108e+02 2.089054644433770136e+02 5.123630458153206023e-03
2.516374345250348767e+02 2.086899403005558327e+02 3.156522335826528625e-03
2.516505523914087803e+02 2.087484045838193936e+02 3.442439214071685120e-03
2.515794848921521520e+02 2.086324710080285456e+02 3.179395686086141249e-03
2.515842882957066706e+02 2.086490884969921638e+02 2.493195178297765140e-03
2.515974404721059443e+02 2.086819918113405947e+02 4.151513072119672985e-03
2.516005055010407432e+02 2.086793842494110152e+02 4.803403554518630159e-03
2.515584414099133141e+02 2.040283400809716738e+02 3.007845559139047005e-03
2.513400009149340235e+02 2.004594684233399562e+02 8.886296575859466140e-03
2.512366476817859393e+02 2.000154166380749814e+02 1.399849035888286498e-02
2.513283469429767365e+02 2.002213682838125237e+02 8.405956220407602777e-03
2.514673368558292736e+02 2.006759075001715473e+02 7.548205585672133726e-03
2.515785127747661249e+02 2.022869919257073548e+02 7.513895560282714790e-03
2.517674237745602568e+02 2.053790914705276975e+02 4.368809899585992043e-03
2.518371417461515591e+02 2.055584528465884375e+02 8.611816372744116391e-03
2.517368878519636723e+02 2.064198517806903226e+02 5.855577666460806512e-03
2.516559276287197804e+02 2.069592625631876217e+02 4.220133122898510857e-03
2.516519362290994763e+02 2.069945790159884780e+02 3.556805965369747805e-03
2.516340149591710826e+02 2.069867105834991605e+02 3.648299366408197866e-03
2.516627667604473970e+02 2.071743978590544089e+02 3.293762437384203500e-03
2.516871497518241370e+02 2.071803563667970423e+02 3.705482742057228992e-03
2.516874127953521452e+02 2.075254237288135641e+02 4.654726777831148972e-03
2.517250623298794494e+02 2.079410896864063716e+02 4.780530204259017535e-03
2.517233353919348531e+02 2.086431986093002990e+02 2.962098858619822191e-03
2.517147350122372416e+02 2.089144765433793225e+02 3.316635787643816124e-03
2.514630252293053445e+02 2.082068093963722788e+02 2.390265102129508767e-03
2.514678629428852332e+02 2.082213911571627989e+02 5.295180585100299833e-03
2.514847549120519545e+02 2.063624854182392028e+02 2.847732107321759507e-03
2.514663990484686167e+02 2.062942542144147922e+02 2.264461675701640204e-03
2.514060248404583717e+02 2.060000800567259205e+02 1.521077792264232970e-03
2.514434113314577246e+02 2.060874105080171148e+02 2.047164848235321147e-03
2.515064159747478243e+02 2.062655024131384494e+02 1.864178046158420808e-03
2.515469132413824696e+02 2.064750108648413800e+02 3.328072462773622436e-03
2.515557881012831842e+02 2.067690363457535625e+02 1.360964340446945255e-03
2.515984583361924933e+02 2.070194309110455322e+02 1.772684645119970747e-03
2.516130629703332602e+02 2.071128113634804038e+02 2.355955076740090266e-03
2.514242663372904190e+02 2.066341293259223733e+02 1.841304695898808401e-03
2.514943617191609917e+02 1.995999222306091099e+02 2.605274594569866736e-02
2.513746197305519274e+02 1.970241085111736368e+02 2.223289645234337308e-02
2.513524783275006200e+02 1.970112079416272195e+02 2.617854937212653679e-02
2.513457649991994458e+02 1.970074567121846201e+02 2.092911548754546047e-02
2.514889750451748682e+02 1.982223975845742245e+02 8.577506347354697455e-03
2.515879594684233496e+02 2.015655664585191857e+02 3.431002538941878917e-04
2.516005512477412651e+02 2.022102289622361013e+02 1.530227132368077933e-02
2.515938150460897873e+02 2.034461904435142685e+02 3.442439214071685120e-03
2.516065783755346672e+02 2.039910793933987634e+02 2.790548731672727947e-03
2.516108556920332262e+02 2.048483153777533801e+02 2.458885152908346639e-03
2.516862005077883850e+02 2.050926256318763024e+02 3.419565863812072497e-03
2.517374711223953057e+02 2.052379857727761419e+02 4.929206980946499589e-03
2.513386971339692195e+02 2.064379674740959274e+02 4.002836295432191799e-04
2.515666300693062567e+02 2.070648345113108633e+02 8.920606601248885293e-04
2.516793842494110152e+02 2.078499050755964106e+02 4.323063199066767663e-03
2.517150438024657433e+02 2.086192273382282281e+02 1.729225279626707065e-02
2.517679498616162448e+02 2.089516914842517110e+02 3.372675495779867139e-02
2.517672750977835676e+02 2.088642924129097196e+02 2.128365241656945614e-02
2.514813353461881604e+02 2.080745442484960677e+02 7.788375763398064540e-03
2.515054324206866454e+02 2.080247604016560388e+02 7.754065738008646472e-03
2.515934605091607636e+02 2.083045357853564781e+02 5.375237311008943149e-03
2.515607973649900373e+02 2.081543036208513513e+02 4.746220178869598599e-03
2.515609689151170016e+02 2.081574487065120422e+02 5.157940483542624091e-03
2.515955419840344121e+02 2.081967108122326806e+02 5.821267641071387576e-03
2.515244516114275370e+02 2.080739266680390642e+02 4.997827031725336593e-03
2.515795878222283193e+02 2.081224524806148395e+02 4.711910153480180531e-03
2.516132802671607180e+02 2.081887165763169207e+02 4.952080331206111345e-03
2.516047027608133817e+02 2.081479105194537738e+02 4.265879823417736104e-03
2.514177931791669494e+02 2.072217914407923445e+02 3.248015736864978686e-03
2.514277888332304087e+02 2.072090052379972178e+02 2.607561929595827825e-03
2.514447151124225286e+02 2.037204876598275405e+02 2.950662183490015879e-03
2.515592419771724053e+02 1.991635902010567349e+02 6.896315103273176553e-03
2.513294563004643294e+02 1.973598549829593480e+02 1.072760127175827367e-02
2.512753722637754663e+02 1.971993755575379055e+02 1.163109860701296884e-02
2.512795580868729814e+02 1.974545963997346689e+02 1.020151421578718680e-02
2.515671447196870929e+02 2.000554450010293124e+02 6.713328301196276431e-03
2.515965026647453158e+02 2.025702097486218918e+02 2.462316155447288532e-02
2.515852604130926977e+02 2.028473546970424763e+02 1.543951142523845507e-02
2.515049863903566063e+02 2.033814245522541739e+02 8.829113200210434581e-03
2.515194766577460541e+02 2.035319655069878024e+02 6.839131727624144994e-03
2.515840023788284157e+02 2.037008280152793986e+02 8.600379697614310079e-03
2.515860152336512670e+02 2.036707266863377583e+02 8.829113200210434581e-03
2.515930945355566166e+02 2.037290194194743833e+02 8.566069672224891143e-03
2.516045883940620911e+02 2.038721722820741604e+02 7.959925890345158350e-03
2.516243280953361250e+02 2.040066218349001588e+02 8.977789976897916635e-03
2.516450970973718597e+02 2.042300944669365776e+02 1.072760127175827367e-02
2.516465838651387230e+02 2.043666483679864712e+02 1.095633477435439991e-02
2.516516045655206995e+02 2.043839520574578614e+02 1.065898122097943754e-02
2.516624007868432500e+02 2.043974130240856368e+02 7.308035407946202044e-03
2.516721448340538529e+02 2.044347537683844678e+02 8.851986550470047205e-03
2.516690111850682854e+02 2.044301905350076538e+02 9.629680459296872941e-03
2.516728767812621470e+02 2.044893067087536451e+02 9.995654063450673185e-03
2.516237448249044917e+02 2.044300189848807179e+02 9.000663327157529259e-03
2.516453944509252381e+02 2.044610924312083853e+02 8.566069672224891143e-03
2.516346096662778109e+02 2.062163704567807940e+02 3.739792767446647927e-03
2.516846222466204495e+02 2.063228916489398159e+02 5.912761042109838071e-03
2.516074246894942803e+02 2.061553214849379003e+02 4.940643656076305901e-03
2.516017864086552720e+02 2.061538232804958852e+02 4.780530204259017535e-03
2.516137834808664309e+02 2.067601843592030946e+02 3.419565863812072497e-03
2.516845078798691588e+02 2.078857933621537484e+02 2.355955076740090266e-03
2.517149294357144527e+02 2.080456780804684342e+02 3.133648985566916002e-03
2.516745465358310980e+02 2.082551750954962415e+02 1.646881218692101750e-03
2.516068185457124002e+02 2.081601935085431876e+02 1.726937944600745716e-03
2.516233331045998227e+02 2.043719435485715508e+02 3.774102792836066863e-03
2.514545392163590236e+02 2.011887623230174427e+02 8.566069672224891143e-03
2.516489283835403512e+02 1.979591138864109325e+02 1.532514467394039195e-02
2.513156407969075303e+02 1.968701251172259106e+02 1.599990850659896088e-02
2.512766417347148717e+02 1.966647224318946030e+02 1.283194949564262638e-02
2.512346805736636384e+02 1.964527894050641521e+02 1.277476611999359482e-02
2.514449781559505084e+02 1.987789061963905795e+02 7.239415357167364173e-03
2.518489215215352601e+02 2.006983005100757111e+02 2.281616688396349499e-02
2.517707518470230355e+02 2.011010544614469779e+02 3.234291726709211112e-02
2.512427319929550151e+02 2.021578261167913126e+02 1.818431345639195777e-03
2.511456231844278193e+02 2.018727784258560405e+02 7.548205585672133292e-04
2.511224524806148395e+02 2.017864544019762434e+02 5.375237311008943799e-04
2.511542807475010761e+02 2.018063199066767197e+02 6.862005077883757834e-04
2.512141288684553615e+02 2.018808069717971705e+02 2.138658249273771208e-03
2.512393238637663160e+02 2.019241977172396503e+02 2.904915482970790632e-03
2.513511287998353225e+02 2.021636702577826554e+02 3.934216244653354795e-03
2.515155081314760253e+02 2.024967062375626199e+02 4.563233376792698477e-03
2.516374573983851519e+02 2.029290125574692922e+02 6.759075001715501678e-03
2.516452000274480270e+02 2.033245156568082450e+02 5.375237311008943149e-03
2.516252887760470287e+02 2.035061872412452146e+02 5.535350762826231515e-03
2.516395045632333733e+02 2.036517761156476638e+02 6.884878428143370241e-03
2.516905006976371908e+02 2.037657425833161824e+02 7.445275509503876919e-03
2.517076900203572905e+02 2.040764541732427517e+02 8.234406093460509835e-03
2.517187607218829442e+02 2.042742400329376267e+02 1.064754454584963123e-02
2.516457261145039865e+02 2.048846268212905102e+02 5.123630458153206023e-03
2.517463345456208970e+02 2.054909421532971976e+02 5.055010407374368152e-03
2.518140854090898699e+02 2.057341430499325270e+02 6.038564468537706634e-03
2.518292618769871183e+02 2.060820123973558395e+02 4.323063199066767663e-03
2.517564560031107703e+02 2.066825979551224748e+02 2.207278300052608645e-03
2.517542830348361065e+02 2.070942725130950066e+02 9.378073606441135598e-04
2.517314783046272737e+02 2.072863171618747060e+02 1.955671447196871086e-03
2.517093597749262415e+02 2.072363274548823142e+02 2.024291497975708523e-03
2.514582446991010727e+02 2.010747272352981554e+02 5.684027539513712701e-03
2.513938447814451251e+02 1.975053409272856300e+02 2.495482513323726489e-02
2.512085477709920269e+02 1.960038427228436149e+02 2.731078020997735473e-02
2.512094855783526555e+02 1.958082527047736789e+02 1.413573046044054073e-02
2.512527505203687213e+02 1.959736499005009307e+02 1.333516320135410237e-02
2.515440998193005271e+02 1.994100734234543211e+02 1.049886776916214917e-02
2.516729225279626689e+02 2.018263340881538852e+02 1.936229099476200269e-02
2.516056977515496555e+02 2.022526819003179526e+02 1.857316041080537064e-02
2.515421670212035963e+02 2.024425993275235101e+02 1.019007754065738049e-02
2.514439374185136842e+02 2.021995013609643479e+02 6.175804570095381509e-03
2.512592579885175894e+02 2.015737322445618531e+02 5.100757107893593399e-03
2.511947551407854746e+02 2.014568494247352533e+02 5.203687184061849338e-03
2.512025435165488716e+02 2.013883437407077110e+02 5.695464214643519013e-03
2.512374025023445085e+02 2.014535785356481199e+02 4.357373224456185731e-03
2.513387428806697415e+02 2.016573000297353531e+02 6.347354697042476186e-03
2.514623733388229425e+02 2.020521169285665337e+02 6.427411422951119502e-03
2.515150392277956826e+02 2.021911182780941942e+02 5.615407488734874830e-03
2.515389304421418615e+02 2.024057846702806671e+02 5.844140991331000200e-03
2.515489489695555676e+02 2.026039822502802110e+02 6.873441753013563929e-03
2.515585214666392062e+02 2.026592557011825591e+02 6.736201651455889054e-03
2.515853519064937416e+02 2.030146618175164122e+02 1.136805507902742540e-02
2.516544980443285624e+02 2.037928246300235458e+02 4.265879823417736104e-03
2.517196870925684493e+02 2.040661611656259424e+02 3.579679315629360429e-03
2.517045563713717229e+02 2.043959834396944188e+02 4.174386422379285609e-03
2.516900775406573700e+02 2.050095153137079933e+02 3.282325762254397188e-03
2.517333310459983124e+02 2.052305404972666452e+02 3.545369290239941493e-03
2.517662572336970186e+02 2.055478053020425762e+02 6.324481346782863563e-03
2.517922642329421876e+02 2.057123676204853666e+02 6.541778174249182620e-03
2.515238569043207804e+02 2.042106292458656469e+02 2.218714975182414957e-03
2.514252270180013227e+02 2.003250303071890812e+02 1.497060774491639802e-02
2.513340195338411149e+02 1.991454630709760067e+02 1.319792309979642662e-02
2.513619593311832432e+02 1.991851712070266842e+02 1.072760127175827367e-02
2.514082321187584341e+02 1.994697728676319173e+02 6.175804570095381509e-03
2.514490153022713343e+02 1.995857979368238091e+02 7.845559139047096966e-03
2.515397424460760760e+02 2.021248999290926065e+02 4.277316498547542416e-03
2.515773576705780101e+02 2.022380658295020339e+02 8.383082870147990154e-03
2.515090921567282010e+02 2.026793385027104932e+02 2.630435279855440449e-03
2.513244699101077231e+02 2.038374276630298141e+02 2.047164848235321147e-03
2.512925501498204426e+02 2.037541000480340472e+02 1.246597589148882570e-03
2.513568700107504696e+02 2.038167844644204934e+02 1.338090990187332631e-03
2.514660559482147448e+02 2.040442027493766943e+02 6.667581600677051183e-03
2.516269928406413783e+02 2.046167455797250625e+02 1.739518287243532399e-02
2.517278986253116386e+02 2.051421693085386266e+02 2.306777373681923038e-02
2.517195384157917601e+02 2.058546627324504357e+02 1.038450101786408605e-02
2.517764701845879358e+02 2.061446510670417922e+02 8.668999748393147950e-03
2.517889933438550827e+02 2.063114549738100152e+02 6.747638326585695366e-03
2.518310231249571132e+02 2.064576042452937941e+02 5.855577666460806512e-03
2.518404011985635407e+02 2.065317482101603446e+02 3.888469544134129114e-03
2.518463368329559273e+02 2.065907157071296183e+02 4.551796701662892165e-03
2.517831949495642618e+02 2.069964889407351620e+02 5.786957615681968640e-03
2.516735858551201943e+02 2.076779089183192752e+02 3.248015736864978686e-03
2.517127564674397888e+02 2.079373956403394459e+02 7.170795306388526302e-03
2.516663121297376335e+02 2.087528077037443666e+02 2.916352158100596944e-03
2.516831240421784628e+02 2.087635810517166419e+02 3.087902285047690754e-03
2.516927422859626233e+02 2.088647155698895119e+02 3.099338960177497066e-03
2.517070838765754104e+02 2.089450582126764004e+02 3.671172716667810490e-03
2.515643884809807957e+02 2.086331343351860710e+02 1.704064594341133092e-03
2.513638120725542535e+02 2.076036048400009122e+02 1.372401015576751458e-04
2.514250097211738648e+02 2.040073080354079593e+02 3.579679315629360429e-03
2.514471968709256942e+02 2.007303575104645574e+02 9.492440357739197199e-03
2.512773279352226723e+02 2.002476383265857010e+02 1.020151421578718680e-02
2.512496168713831537e+02 2.001358562638669696e+02 1.103639150026304409e-02
2.512473409730323226e+02 2.001235160914019104e+02 1.048743109403234286e-02
2.512795352135227347e+02 2.001805736636245001e+02 1.200850888629657540e-02
2.515252521786865998e+02 2.020125574692925170e+02 7.216542006907751550e-03
2.515283972643473192e+02 2.020762483130904172e+02 7.834122463917290655e-03
2.515233422539399442e+02 2.023255563942450692e+02 4.929206980946499589e-03
2.515358768498822144e+02 2.025142844072371417e+02 4.940643656076305901e-03
2.515504014272970608e+02 2.026930167661657265e+02 3.533932615110135182e-03
2.515753676891054340e+02 2.027411994784876015e+02 4.769093529129211223e-03
2.515631647567419122e+02 2.027201445595736402e+02 4.528923351403280409e-03
2.515424986847823732e+02 2.027072668633774697e+02 4.940643656076305901e-03
2.515718795031908428e+02 2.028777991262380169e+02 9.240833504883460073e-03
2.515880166517989949e+02 2.040079027425146876e+02 8.451702920926828025e-03
2.516927194126123766e+02 2.045724970836478462e+02 5.832704316201193888e-03
2.517304718772158481e+02 2.047438070404172095e+02 5.798394290811774952e-03
2.517141288684553615e+02 2.047271094947276993e+02 6.095747844186738193e-03
2.516240536151330218e+02 2.045997621171572973e+02 3.270889087124591310e-03
2.516394702532079748e+02 2.046178320638623802e+02 3.648299366408197866e-03
2.516491228070175339e+02 2.046289485120885558e+02 3.533932615110135182e-03
2.516745465358310980e+02 2.046678675175552939e+02 4.002836295432191799e-03
2.516823006015691249e+02 2.054462018801893919e+02 3.350945813033235059e-03
2.517741027928360609e+02 2.062408106315332077e+02 2.962098858619822191e-03
2.518221025183558766e+02 2.064045151993412617e+02 3.877032869004323236e-03
2.516778517349436299e+02 2.071704293327843800e+02 2.012854822845902211e-03
2.517058487156613751e+02 2.078655504471740016e+02 2.218714975182414957e-03
2.517283332189665828e+02 2.085466387611793380e+02 7.090738580479882987e-04
2.517524531668153429e+02 2.089665591619204577e+02 3.087902285047690754e-03
2.516644822617168700e+02 2.087359157345776453e+02 1.978544797456483276e-03
2.516570369862073733e+02 2.056367368878519528e+02 1.293487957181088319e-02
2.512730391820489899e+02 2.009599830737208208e+02 1.706351929367094442e-02
2.511839932294883226e+02 2.005485486859260220e+02 1.434159061277705260e-02
2.512048079782245793e+02 2.004801344952995237e+02 9.858413961892999178e-03
2.512184404949792906e+02 2.005269104965804274e+02 6.724764976326082742e-03
2.512497083647841976e+02 2.005489947162560895e+02 6.770511676845307122e-03
2.514801116219492769e+02 2.021376518218623346e+02 4.231569798028317168e-03
2.515711818660079189e+02 2.023674832452709325e+02 1.101351815000343147e-02
2.513211647109952196e+02 2.036138521009172280e+02 1.383837690706557879e-03
2.512530364372469762e+02 2.034887234383220118e+02 2.344518401610283954e-03
2.512318671515816959e+02 2.034232484732038699e+02 1.521077792264232970e-03
2.512769276515931267e+02 2.034821930968228969e+02 2.195841624922802333e-03
2.513296621606166639e+02 2.035375122944257669e+02 1.944234772067064557e-03
2.514916169171298463e+02 2.038101511928452112e+02 3.122212310437109690e-03
2.516359477572680134e+02 2.043155264301562113e+02 5.260870559710880898e-03
2.517119673368558210e+02 2.048321439191198294e+02 6.553214849378988932e-03
2.517466090258240001e+02 2.050574578558521353e+02 8.257279443720122458e-03
2.517907317184748024e+02 2.053165671675930355e+02 7.799812438527870852e-03
2.518191861661977669e+02 2.054509824103936637e+02 9.400946956700748439e-03
2.518400352249593936e+02 2.057673208444840895e+02 5.661154189254100078e-03
2.518420823898076435e+02 2.060230677737368126e+02 7.067865230220270363e-03
2.518660536608797145e+02 2.062215855806400100e+02 5.661154189254100078e-03
2.518853130217983107e+02 2.062990233079439122e+02 5.375237311008943149e-03
2.518436720876506740e+02 2.064910336466982415e+02 5.684027539513712701e-03
2.517178457878725624e+02 2.069712253253734104e+02 4.117203046730254917e-03
2.517391637503145034e+02 2.072707404103479121e+02 3.922779569523548483e-03
2.517406162080559966e+02 2.074300304215558413e+02 2.413138452389121391e-03
2.517325304787392213e+02 2.075111621949266976e+02 2.207278300052608645e-03
2.515638623939248362e+02 2.071827466318991640e+02 2.538941878816990388e-03
2.515574006724764899e+02 2.072206134632539545e+02 2.413138452389121391e-03
2.516133145771861166e+02 2.048574532811821030e+02 5.603970813605068952e-04
2.515207118186600894e+02 2.016275189276973379e+02 5.020700381984949216e-03
2.512028980534778952e+02 2.008909970493378125e+02 6.107184519316544505e-03
2.512103662023376671e+02 2.007866488254534545e+02 6.541778174249182620e-03
2.512926988265971318e+02 2.011158306457146807e+02 4.986390356595530281e-03
2.513776961961618497e+02 2.012379057160502214e+02 6.141494544705963440e-03
2.516196619318831722e+02 2.030116310986070118e+02 3.385255838422653561e-03
2.516193874516800406e+02 2.030901095633477382e+02 4.060019671081223358e-03
2.515766943434204848e+02 2.034308538621651792e+02 3.785539467965873175e-03
2.515852947231180963e+02 2.036959559916741114e+02 5.398110661268555772e-03
2.515712161760333174e+02 2.037532537340744341e+02 5.226560534321461962e-03
2.516035476566252669e+02 2.037931791669525694e+02 7.170795306388526302e-03
2.516205539925432788e+02 2.038457078158237721e+02 8.314462819369152283e-03
2.516380864155172787e+02 2.038801207712893699e+02 9.526750383128616134e-03
2.516440220499096370e+02 2.038925867471808715e+02 8.211532743200897211e-03
2.516249914224936504e+02 2.042535053409272905e+02 4.643290102701342660e-03
2.516628353804981941e+02 2.046254717628491164e+02 6.679018275806857495e-03
2.517171938973901604e+02 2.050403371531828327e+02 6.050001143667512946e-03
2.517436469269653969e+02 2.057834923031176402e+02 2.081474873624739649e-03
2.518003957089594849e+02 2.059039776756101503e+02 3.385255838422653561e-03
2.517259086438390625e+02 2.063422081932340575e+02 1.944234772067064557e-03
2.517410622383860641e+02 2.065427502916352296e+02 2.321645051350671330e-03
2.517060545758137096e+02 2.068223312518584578e+02 3.350945813033235059e-03
2.517272238614789899e+02 2.069562318442782214e+02 2.618998604725634137e-03
2.517163475834305473e+02 2.070517623916375101e+02 2.573251904206409323e-03
2.517162217800041049e+02 2.071288341453372652e+02 3.888469544134129114e-03
2.515326402708204796e+02 2.067435668702394764e+02 1.749811294860358123e-03
2.515657265719709983e+02 2.067700885198655101e+02 2.436011802648734015e-03
2.516130858436835354e+02 2.068364898556691571e+02 3.339509137903428748e-03
2.516655573091790643e+02 2.069226308927468665e+02 3.762666117706260551e-03
2.515704956655001183e+02 2.066887051396417974e+02 3.007845559139047005e-03
2.515125803426427922e+02 2.065979665591619323e+02 1.280907614538301506e-03
2.513817790891831976e+02 2.054100962968045962e+02 8.691873098652760140e-04
2.514493469658500828e+02 2.008929298474347434e+02 1.383837690706557879e-03
2.513999519659644477e+02 1.980269448066058260e+02 8.680436423522954262e-03
2.513886639676113361e+02 1.979147281502321505e+02 1.067041789610924385e-02
2.513850156682449324e+02 1.977682929618701166e+02 1.053317779455156811e-02
2.513058738763466806e+02 1.973682723758549002e+02 7.056428555090464051e-03
2.512437841670669627e+02 2.000282371508954782e+02 2.092911548754545960e-03
2.512862371051487855e+02 2.000615750588988817e+02 3.751229442576454239e-03
2.514547107664859595e+02 2.004044465792904646e+02 6.175804570095381509e-03
2.515899951965964476e+02 2.039259132185091232e+02 1.451314073972414728e-02
2.515831446281936792e+02 2.039924289210640609e+02 1.442164733868569679e-02
2.515018870513964089e+02 2.037725588416935523e+02 1.228298908941192688e-02
2.515276996271643952e+02 2.038032320043916741e+02 1.450170406459434097e-02
2.515379926347812045e+02 2.039595141700404781e+02 9.675427159816098188e-03
2.515471991582607245e+02 2.041959331183238362e+02 6.713328301196276431e-03
2.515611633385942127e+02 2.043096251057892516e+02 5.306617260230106145e-03
2.516063038953315356e+02 2.045144216473386791e+02 5.169377158672430403e-03
2.516599876483908531e+02 2.046891168599464663e+02 6.324481346782863563e-03
2.517230037283561046e+02 2.050159770351563395e+02 5.203687184061849338e-03
2.517403531645280168e+02 2.050832246849195997e+02 5.009263706855142904e-03
2.517594295386445253e+02 2.052331938058967467e+02 6.896315103273176553e-03
2.517969990164459375e+02 2.053651158535190575e+02 8.440266245797021713e-03
2.517553008989226555e+02 2.052696653628856893e+02 6.679018275806857495e-03
2.517714609208810828e+02 2.052804387108579931e+02 6.484594798600151061e-03
2.517728218852215321e+02 2.052644959857270237e+02 5.455294036917587332e-03
2.517956494887806116e+02 2.053413733159495962e+02 5.615407488734874830e-03
2.518354033715318394e+02 2.053772501658317822e+02 7.593952286191358106e-03
2.518051648024886333e+02 2.056509526750383259e+02 4.551796701662892165e-03
2.515863011505295219e+02 2.079647407305748175e+02 5.489604062307005834e-04
2.516145383014250001e+02 2.081165625929229748e+02 5.009263706855142904e-03
2.515429332784372889e+02 2.085555936778060016e+02 2.916352158100596944e-03
2.515097897939111249e+02 2.084823303369244627e+02 2.790548731672727947e-03
2.514811866694114713e+02 2.037899768979162332e+02 6.358791372172282498e-03
2.513478236007227906e+02 2.024961801505066319e+02 2.058601523365127459e-03
2.515767057800956081e+02 1.984335757908460778e+02 7.159358631258720858e-03
2.515579381962076013e+02 1.985179555799537923e+02 1.094489809922459360e-02
2.515381527482330455e+02 1.986221436903863378e+02 9.446693657219973686e-03
2.514833482010110117e+02 2.004450582126764004e+02 3.636862691278391554e-03
2.515156911182780846e+02 2.005521741119421790e+02 4.334499874196573975e-03
2.514902330794391503e+02 2.007857567647933479e+02 4.746220178869598599e-03
2.514893867654795372e+02 2.010104645577437736e+02 5.649717514124293766e-03
2.514803861021523801e+02 2.010019671081223294e+02 6.198677920354994132e-03
2.514344792881813362e+02 2.009166723850042331e+02 6.473158123470344749e-03
2.514670509389510187e+02 2.010116539719572586e+02 6.930625128662595488e-03
2.515070564285551029e+02 2.013680779523776891e+02 8.520322971705665896e-03
2.515660239255243766e+02 2.017546375717651301e+02 9.675427159816098188e-03
2.516244081520620455e+02 2.020831103181683090e+02 8.097165991902834092e-03
2.516668610901438683e+02 2.024905533063427754e+02 5.844140991331000200e-03
2.516397332967359830e+02 2.027937624373842027e+02 4.986390356595530281e-03
2.516479791395045709e+02 2.030101214574898734e+02 5.420984011528168396e-03
2.516374116516846300e+02 2.031650655321485033e+02 6.690454950936663807e-03
2.516331800818865929e+02 2.032288936160479409e+02 7.959925890345158350e-03
2.516543951142523952e+02 2.032986687710148885e+02 8.954916626638304011e-03
2.516490541869667652e+02 2.035371691941718666e+02 5.020700381984949216e-03
2.516815686543608024e+02 2.037217342574166707e+02 6.713328301196276431e-03
2.517007250852032314e+02 2.039563576477046638e+02 7.834122463917290655e-03
2.516631098607012973e+02 2.046486195933118211e+02 5.237997209451268274e-03
2.517064891694686537e+02 2.049657585946613665e+02 7.502458885152908478e-03
2.517270637480271773e+02 2.054528808984651960e+02 4.140076396989866674e-03
2.515675907500171604e+02 2.051340263958462060e+02 3.350945813033235059e-03
2.515640110707015253e+02 2.007669548708799425e+02 2.493195178297765227e-02
2.512629291612342399e+02 1.994468423339966705e+02 8.668999748393147950e-03
2.511498433175507330e+02 1.992336169628765390e+02 8.108602667032640404e-03
2.512034698872343768e+02 1.992501086484137431e+02 8.909169926119078764e-03
2.512508177222717904e+02 1.993504082893021234e+02 7.914179189825933103e-03
2.514460417667375793e+02 2.012164276401564678e+02 3.957089594912966551e-03
2.512300029735355338e+02 2.016209657128479478e+02 1.315217639927720224e-03
2.513196665065532045e+02 2.017959468423339899e+02 1.486767766874814252e-03
2.513843752144376538e+02 2.018874402433724526e+02 2.927788833230403256e-03
2.514276630298039663e+02 2.019512454539216435e+02 4.265879823417736104e-03
2.514560488574761621e+02 2.019723689928864019e+02 4.608980077311923725e-03
2.514091470527688159e+02 2.019010041400763953e+02 2.939225508360209568e-03
2.514722660628102062e+02 2.019777099201720034e+02 3.476749239461104056e-03
2.515492463231089459e+02 2.022476840732862229e+02 4.620416752441730036e-03
2.516081337633523276e+02 2.025196138978476199e+02 6.118621194446350817e-03
2.516700976692056031e+02 2.030255724055902533e+02 6.507468148859763685e-03
2.516838788627370320e+02 2.037857338914430727e+02 4.757656853999404911e-03
2.517417827489192348e+02 2.040741325281913987e+02 4.368809899585992043e-03
2.517304718772158481e+02 2.043223998719092265e+02 4.414556600105217291e-03
2.517465632791235066e+02 2.046684736613371740e+02 3.968526270042772863e-03
2.517335940895262922e+02 2.050191564308424290e+02 4.197259772638898233e-03
2.517842128136508109e+02 2.055695121114389678e+02 4.265879823417736104e-03
2.517539971179578799e+02 2.061805279169239782e+02 1.704064594341133092e-03
2.517632150781124949e+02 2.065865298840321032e+02 2.470321828038152950e-03
2.517738854960086030e+02 2.070391706123195945e+02 2.767675381413115757e-03
2.517979825705070880e+02 2.075291749582561351e+02 2.344518401610283954e-03
2.517584459845833749e+02 2.079767149294357012e+02 2.527505203687184076e-03
2.517214140305130456e+02 2.078429973238180253e+02 2.321645051350671330e-03
2.514991536860403869e+02 2.074526979116631082e+02 9.149340103845010445e-04
2.514863674832452602e+02 2.034919943274091452e+02 4.471739975754248850e-03
2.514953681465724173e+02 1.991665637365904900e+02 1.155104188110432466e-02
2.513609986504723395e+02 1.989088268258651908e+02 9.423820306960361062e-03
2.513519522404446604e+02 1.987237128022141519e+02 9.858413961892999178e-03
2.513243326700061857e+02 1.985759738328873141e+02 1.016720419039776786e-02
2.515711475559825203e+02 2.002320387017086318e+02 6.061437818797319257e-03
2.516421464351883515e+02 2.003276035590932906e+02 1.101351815000343147e-02
2.515909673139824747e+02 2.006206569226194460e+02 1.038450101786408605e-02
2.515660582355497468e+02 2.006908895445915846e+02 1.048743109403234286e-02
2.515996934971065286e+02 2.007167936137606148e+02 1.237448249045037564e-02
2.515520940552162585e+02 2.006187469978727904e+02 1.173402868318122565e-02
2.514688693702966589e+02 2.004434456414830947e+02 1.032731764221505449e-02
2.514248381710469005e+02 2.003874402433724526e+02 8.966353301768110323e-03
2.514524463048102518e+02 2.004228710629245995e+02 9.766920560854548683e-03
2.514886891282966133e+02 2.005484114458244562e+02 9.332326905921910568e-03
2.515202429149797467e+02 2.010071479219561184e+02 1.463894416615201671e-02
2.515762483130904172e+02 2.011159564491410947e+02 1.523365127290194146e-02
2.515954390539582448e+02 2.011784578787255100e+02 1.526796129829136039e-02
2.516238591916558107e+02 2.012592122418170675e+02 1.574830165374322549e-02
2.515722111667695913e+02 2.015817379171527364e+02 1.299206294745991475e-02
2.516024497358127974e+02 2.017047050481484121e+02 9.972780713191060561e-03
2.515857979368238091e+02 2.029349253185114037e+02 4.654726777831148972e-03
2.516666666666666572e+02 2.037355497609734982e+02 4.711910153480180531e-03
2.516816944577872448e+02 2.039709622818454307e+02 3.179395686086141249e-03
2.517241473958690676e+02 2.041203595690660677e+02 4.128639721860061229e-03
2.517226835014524511e+02 2.045492463231089459e+02 7.468148859763489543e-03
2.517436812369907955e+02 2.049376586838674257e+02 8.051419291383608845e-03
2.517827374825590709e+02 2.050463871543264816e+02 9.629680459296872941e-03
