2.524610482416063348e+02 2.104182071647805685e+02 1.844884140484056134e+00
2.517423209390595389e+02 1.340556687987629232e+02 7.687964199526721165e-01
2.516145591715283274e+02 1.351028677866029284e+02 6.935287364401021559e-01
2.513091773857219948e+02 1.280686839577329579e+02 4.428551346032192360e-01
2.513856282655045504e+02 1.443618940512171775e+02 2.909842787188678948e-01
2.515496708137110318e+02 1.564483376678147124e+02 1.659403481642885703e-01
2.509474004826503517e+02 1.329837632670274843e+02 1.688807666174644562e-01
2.511901080105901940e+02 1.516034066680724379e+02 1.686230406972657747e-01
2.515120779738056740e+02 1.831664909444483555e+02 6.063588013401748078e-02
2.519216278906305035e+02 1.883253906890653866e+02 9.136383871043321503e-02
2.514409339050162941e+02 2.006325296970549061e+02 1.089477753567161082e-02
2.514852627632904500e+02 2.080690236873550418e+02 1.440922190201729012e-03
2.513501440922190113e+02 2.077690658606874194e+02 6.911740587146505662e-04
2.513889552728380181e+02 2.077620955460274956e+02 7.848925751505354126e-04
2.514746257116749746e+02 2.033271947705067930e+02 5.716829502588974439e-03
2.515801644759963551e+02 2.039109439797568086e+02 1.886085143272181897e-03
2.516089594901712587e+02 2.042493732574213254e+02 2.366392540006091640e-03
2.513823832618729739e+02 2.006896979920807951e+02 1.382348117429301132e-03
2.512414423279679454e+02 1.991039338347273997e+02 4.053325835852018659e-03
2.513424005997985091e+02 1.954912138890841220e+02 1.259342564607202238e-02
2.513621517771373703e+02 1.901986715400295225e+02 1.375319228696609761e-02
2.515946322719711361e+02 1.858992057355732186e+02 2.119209952906445441e-02
2.516926618401630833e+02 1.870952062978843173e+02 2.159040322391696590e-02
2.516828916848246251e+02 1.875333052177784054e+02 2.772896605046742263e-02
2.516491061596495058e+02 1.877326093577938764e+02 3.188772521730980775e-02
2.513526042032754617e+02 1.871706731332442928e+02 1.876713291628593488e-02
2.514050045687776844e+02 1.872885710269206356e+02 2.395679576392305624e-02
2.515379794287856328e+02 1.900957803237974701e+02 1.542841076825753922e-02
2.514934397038494751e+02 1.899908624446474903e+02 1.962231437876338358e-02
2.515420093249923923e+02 1.905227853143084644e+02 1.456151449122560469e-02
2.513396827628218659e+02 1.952092968768304502e+02 1.089477753567161082e-02
2.513880532321173291e+02 1.953861202877158405e+02 1.610787001241770211e-02
2.515476207211639803e+02 1.975856235795787370e+02 4.603922119912841684e-03
2.514386729458072693e+02 2.012369438391790197e+02 1.276914786438930775e-03
2.514735596635505317e+02 2.013259530001640201e+02 5.435673953281319574e-03
2.514755628968393353e+02 2.016005248236920409e+02 2.870129565848972622e-03
2.514803542559921254e+02 2.016913146364892953e+02 3.280148075255968649e-03
2.512884655935896490e+02 2.012730840420796028e+02 1.921229586935638755e-03
2.512031348843747764e+02 2.010783838241840726e+02 4.334481385159672656e-04
2.511302218785876619e+02 2.009082847168529327e+02 6.911740587146505662e-04
2.511230172676366408e+02 2.009049577095194650e+02 6.091703568332513391e-04
2.509722241746913198e+02 2.003662871066750881e+02 2.811555493076544851e-04
2.509312223237506032e+02 2.000546378950821236e+02 3.045851784166256696e-04
2.510872753684309089e+02 2.002872706825050955e+02 1.979803659708066852e-03
2.513039994376889013e+02 2.008494880626039674e+02 4.381340643377615134e-03
2.512316370281858440e+02 2.006730278109697565e+02 2.881844380403458025e-03
2.513476488367189177e+02 1.980939645275415160e+02 2.682692532977203146e-03
2.512018111103301123e+02 1.938299594667416557e+02 2.266816616292964201e-02
2.509169653944377956e+02 1.926529603336379068e+02 1.177338862725803119e-02
2.509621377193599017e+02 1.926932592957053600e+02 1.463180337855251797e-02
2.510123239849113190e+02 1.927193247580890727e+02 1.261685527518099405e-02
2.513049483376678097e+02 1.939710995524940813e+02 1.051990346992807100e-02
2.514483845270729319e+02 1.946866287106675202e+02 1.309716267191490292e-02
2.515327077622361287e+02 1.954640472341322948e+02 1.521754410627679764e-02
2.514995899814906011e+02 1.954295119608256641e+02 1.426864412736346399e-02
2.515153346922518267e+02 1.988283545371476748e+02 3.842459173871277511e-03
2.515565825542981599e+02 1.990550713432206464e+02 9.043836836062885132e-03
2.515308802511656268e+02 1.990346524214521651e+02 1.135165530329654802e-02
2.515521074951383582e+02 1.996441742227220573e+02 4.943651741992923995e-03
2.515969166608092564e+02 2.008578407253813225e+02 5.037370258428808950e-03
2.512923314823926262e+02 2.026790375108361957e+02 2.741266605749631026e-03
2.513207750521309265e+02 2.027457533797239932e+02 2.717836976640659787e-03
2.512265527986691893e+02 2.026322133970619177e+02 2.741266605749631026e-03
2.510715423724842310e+02 2.023785642323282161e+02 2.647548089313746071e-03
2.512059815843115302e+02 2.025531618284482533e+02 3.795599915653335033e-03
2.514175042759073051e+02 2.028487734589161562e+02 1.092992197933506660e-02
2.517082308287059789e+02 2.033320681333614459e+02 1.843911810876033841e-02
2.517415946205571515e+02 2.050361284880860353e+02 3.994751763079590345e-03
2.518343759518286902e+02 2.057458822426841039e+02 1.309716267191490292e-02
2.517665823200018735e+02 2.066005131088774931e+02 7.649773904079098380e-03
2.517987629155830405e+02 2.069245331646399961e+02 7.368618354771444383e-03
2.517156463063189733e+02 2.078157142522433958e+02 2.401536983669548715e-03
2.517293292097185997e+02 2.078059792413486093e+02 3.198144373374569530e-03
2.517452496426981554e+02 2.078264567371898579e+02 3.865888802980248749e-03
2.514933108408893929e+02 2.057188795951360021e+02 1.476066633865185870e-03
2.513384878517373124e+02 2.040947728497457945e+02 4.568777676249385043e-03
2.511674632740563595e+02 2.034215810313722841e+02 6.618870223284365611e-03
2.511389611302453204e+02 2.027880438602657023e+02 4.615636934467327521e-03
2.511107167123544457e+02 2.027061338769007364e+02 4.147044352287903614e-03
2.511158243715001959e+02 2.026434244745905744e+02 4.826503596448068235e-03
2.511530774817834697e+02 2.027177315433096680e+02 4.967081371101895668e-03
2.512612286497504783e+02 2.029163210796372994e+02 6.864881328928562967e-03
2.513414399850050245e+02 2.030808673648696185e+02 5.669970244371031962e-03
2.514749537264825108e+02 2.035375459806471383e+02 4.920222112883953190e-03
2.515972329608022164e+02 2.041638785408026990e+02 5.869122091797286840e-03
2.516945479253063525e+02 2.045647360652280895e+02 5.201377662191607187e-03
2.517921791898034201e+02 2.056125090789812759e+02 3.315292518919425290e-03
2.518467585108127764e+02 2.066848011995970182e+02 2.460111056441976595e-03
2.518301351889599573e+02 2.066167264122208849e+02 1.440922190201729012e-03
2.518066118413345578e+02 2.066503362151777026e+02 2.378107354560577476e-03
2.516013800051545104e+02 2.062312152948618689e+02 1.921229586935638755e-03
2.511137859937677206e+02 2.044572057824324531e+02 3.385581406246339006e-03
2.511902603031794001e+02 2.045058925517209047e+02 2.448396241887490759e-03
2.512847051381176584e+02 2.047234835172559144e+02 1.757222183172840301e-03
2.512877392750872616e+02 2.047406340057636953e+02 2.893559194957943861e-03
2.512937372601391814e+02 2.046793420960146079e+02 2.741266605749631026e-03
2.514915770483353299e+02 2.052714791124856504e+02 1.956374030599095613e-03
2.515798013167451472e+02 2.073873737728731612e+02 4.685925821794241237e-04
2.515797075982287083e+02 2.073939340690236861e+02 1.136337011785103343e-03
2.515318877252173024e+02 2.073693329584592675e+02 1.487781448419671490e-03
2.514724936154260604e+02 2.072085471286989389e+02 1.780651812281811540e-03
2.514530235936365159e+02 2.049029076169724135e+02 2.096951805252923046e-03
2.512832173566692404e+02 2.043672711510976683e+02 3.151285115156627053e-03
2.511868630069585890e+02 2.037240106839108762e+02 2.272674023570206685e-03
2.512586631053630413e+02 2.039264075349687175e+02 2.635833274759260669e-03
2.516377310747170952e+02 2.049075466835359975e+02 2.424966612778519520e-03
2.517964082378576052e+02 2.063548417328553626e+02 1.054333309903704251e-04
2.517997469600056206e+02 2.069089290316534289e+02 4.990511000210866473e-03
2.517481432018931002e+02 2.071198659825215032e+02 2.530399943768890311e-03
2.517152128581804504e+02 2.073364026147466177e+02 2.120381434361893851e-03
2.515535718469576523e+02 2.062342494318315005e+02 3.514444366345680928e-04
2.516109392938309668e+02 2.063091539560928709e+02 1.745507368618354682e-03
2.515489444952086444e+02 2.062276657060518801e+02 1.534640706637613967e-03
2.515195168810477639e+02 2.062037323399170532e+02 1.300344415547901797e-03
2.515129917293409108e+02 2.062423560835032106e+02 1.897799957826667517e-03
2.514660738970502223e+02 2.061773974367985716e+02 1.886085143272181897e-03
2.515527986691970739e+02 2.063870809025093251e+02 3.502729551791195200e-03
2.516590403223916894e+02 2.072578079239005717e+02 5.962840608233171795e-03
2.518025350858695788e+02 2.082546800684145296e+02 1.757222183172840301e-03
2.517240341135399717e+02 2.090112110775286567e+02 2.155525878025350926e-03
2.513417562849980129e+02 2.090125699960169641e+02 8.551814624774490203e-04
2.512060050139406258e+02 2.087486469389189665e+02 1.757222183172840464e-04
2.512179072655279981e+02 2.087530868536350965e+02 2.225814765352264425e-04
2.511011222792343176e+02 2.085897120498582638e+02 1.522925892083128348e-04
2.511618753075138955e+02 2.086008059792413576e+02 1.054333309903704251e-04
2.511658232000187354e+02 2.085507720062791464e+02 1.054333309903704251e-04
2.511963402919331827e+02 2.085552353506244003e+02 1.171481455448560309e-04
2.513212787891567643e+02 2.087087345657318167e+02 2.577259201986832463e-04
2.511652960333638021e+02 2.083657013659473876e+02 3.514444366345680928e-04
2.514769803894004383e+02 2.039752817412900470e+02 2.635833274759260669e-03
2.511889599587638600e+02 2.024777887116046884e+02 5.693399873480002767e-03
2.510841357981303190e+02 2.005810782315315919e+02 7.274899838335559428e-03
2.511775262997586822e+02 2.005856704388369565e+02 7.977788711604694855e-03
2.512581593683372034e+02 2.007111946767882671e+02 9.746725709332021426e-03
2.514079567020453965e+02 2.035758065649820878e+02 6.700873925165764730e-03
2.514706309599119152e+02 2.037373069984302276e+02 1.119936271408823562e-02
2.514697054895621022e+02 2.037607717719828599e+02 8.223799817248892211e-03
2.514679365525643675e+02 2.038652444881797408e+02 6.454862819521567374e-03
2.514945760408612614e+02 2.040129214404535958e+02 7.005459103582390400e-03
2.514982193481877175e+02 2.041585951594386188e+02 5.037370258428808950e-03
2.515303999437688844e+02 2.044570652046578232e+02 3.549588810009137677e-03
2.516677327147911285e+02 2.050569691431784634e+02 2.061807361589465971e-03
2.517622009793585107e+02 2.070836086314753572e+02 1.030903680794732985e-03
2.516382465265574808e+02 2.090719055317354389e+02 3.514444366345680928e-04
2.516935404512546484e+02 2.104517349640355235e+02 2.224643283896815885e-02
2.516565684965206913e+02 2.109740165413181501e+02 2.269159579203861368e-02
2.516170778566575166e+02 2.110579531876010435e+02 1.507696633162297108e-02
2.515391743398701863e+02 2.107962090860101796e+02 7.099177620018275355e-03
2.515482181767062571e+02 2.079849113188538183e+02 9.723296080223049970e-04
2.515979124200463843e+02 2.080553642135845109e+02 2.624118460204774832e-03
2.516030317940067107e+02 2.080600032801480666e+02 3.198144373374569530e-03
2.515980647126355905e+02 2.080856352943932848e+02 3.561303624563623080e-03
2.516075888568684036e+02 2.081610318408659452e+02 1.487781448419671490e-03
2.515187788477308288e+02 2.079735362339214078e+02 1.370633302874815513e-03
2.514310817459759733e+02 2.077295283615660253e+02 1.288629600993416177e-03
2.513413931257468334e+02 2.075913286942667639e+02 6.091703568332513391e-04
2.513739954546519471e+02 2.046914552142639536e+02 4.803073967339096888e-04
2.513199784447412242e+02 2.013434432182938565e+02 4.065040650406504495e-03
2.512046695250814139e+02 1.993925165764625831e+02 1.139851456151449137e-02
2.511311122044938031e+02 1.978730348398584908e+02 1.989175511351655434e-02
2.511860663995688867e+02 1.970196808884515463e+02 7.614629460415641739e-03
2.510653920948431335e+02 1.965382254398912778e+02 5.775403575361401885e-03
2.512336988355474432e+02 1.969210890091609940e+02 8.059792413486093973e-03
2.514370445865841930e+02 1.974413204938965691e+02 1.033246643705630109e-02
2.515765094538553512e+02 2.008781307841896933e+02 4.650781378130784162e-03
2.516097092383027700e+02 2.009998945666690133e+02 9.676436822005108143e-03
2.515533961247393506e+02 2.012014596658934806e+02 8.598673882992432030e-03
2.515213678217473898e+02 2.011980155104144785e+02 9.067266465171856804e-03
2.514709589747194229e+02 2.011090766383168216e+02 7.638059089524612544e-03
2.513898924580023788e+02 2.009334129940723130e+02 5.576251727935147007e-03
2.513343290925704707e+02 2.008439352405051466e+02 4.767929523675639922e-03
2.514240059979850628e+02 2.010560202431995549e+02 4.838218411002554072e-03
2.515041001850940745e+02 2.015758885686839506e+02 6.267425786649797465e-03
2.515535249876994328e+02 2.024175042759073051e+02 3.971322133970619540e-03
2.516837585811016709e+02 2.048411353998266122e+02 1.440922190201729012e-03
2.516752887701787813e+02 2.054549448232234568e+02 7.837210936950868290e-03
2.516804081441390792e+02 2.058738665916918649e+02 6.982029474473418727e-03
2.517137133619174847e+02 2.060165764625945997e+02 5.201377662191607187e-03
2.517285560319580213e+02 2.060695625688245229e+02 6.572010965066423134e-03
2.515883648461844757e+02 2.058082753450012774e+02 2.460111056441976595e-03
2.513362854666010548e+02 2.042738806494693051e+02 6.325999859422225778e-04
2.515147723811531932e+02 2.046522574447646434e+02 4.920222112883952540e-04
2.516182844825566463e+02 2.048313418148590586e+02 9.137555352498770087e-04
2.518065181228181189e+02 2.059983130667041564e+02 1.153909233616831793e-02
2.519333661348140936e+02 2.064718024413673447e+02 1.676389962746889853e-02
2.518257069890583750e+02 2.068292448630538161e+02 1.900142920737564814e-02
2.516421475598041297e+02 2.074571823528033576e+02 1.082448864834469754e-02
2.515851198425528992e+02 2.079872777113938298e+02 1.418664042548206487e-02
2.514811040041236083e+02 2.075599564208898471e+02 7.614629460415641739e-03
2.515035378739954410e+02 2.076506290855415671e+02 8.317518333684777165e-03
2.514181134462641580e+02 2.073852768210679187e+02 5.552822098826175334e-03
2.515011480518263340e+02 2.033672008622103533e+02 2.413251798224034118e-03
2.514270401349546660e+02 2.032113469693774732e+02 2.378107354560577476e-03
2.514242402942761316e+02 2.031845200440477015e+02 2.225814765352264642e-03
2.514034933577001425e+02 2.031092992197933427e+02 2.670977718422717310e-03
2.511824699515006785e+02 2.024487828307677830e+02 7.380333169325929352e-04
2.511410815116796584e+02 2.023739837398373993e+02 7.380333169325929352e-04
2.511777371664206555e+02 2.023968510578477549e+02 2.003233288817038091e-03
2.511393477191255954e+02 2.022686441273634728e+02 1.921229586935638755e-03
2.510693634169770974e+02 2.020779972353037692e+02 1.405777746538272371e-03
2.510252337105503671e+02 2.018840350507251458e+02 1.815796255945268398e-03
2.509649258452238598e+02 2.015256905883179854e+02 8.668962770319345312e-04
2.510148309552259889e+02 2.015797310278578323e+02 1.429207375647243610e-03
2.510184742625524166e+02 2.015865139054848783e+02 1.487781448419671490e-03
2.510078372109369411e+02 2.015049670813710918e+02 1.804081441390782779e-03
2.513744640472341416e+02 1.984143295611630435e+02 3.655022140999508035e-03
2.512922260490616395e+02 1.982875518380544122e+02 3.373866591691853604e-03
2.513026639488296894e+02 1.982486937981771860e+02 3.116140671493170412e-03
2.512653991237318678e+02 1.980397132213396958e+02 3.139570300602141650e-03
2.515182516810758955e+02 2.000664229985239331e+02 3.830744359316792108e-03
2.516191162343900203e+02 2.004464867271151149e+02 1.444436634568074806e-02
2.516133642604437455e+02 2.017892739157938991e+02 6.290855415758768270e-03
2.515720929687683167e+02 2.039026733206813446e+02 1.288629600993416177e-03
2.517160563248283722e+02 2.050201026217754929e+02 7.708347976851526694e-03
2.516911857735292131e+02 2.071490827300203819e+02 2.588974016541318191e-03
2.516464117523019581e+02 2.085261591809001800e+02 1.686933295845926802e-03
2.516616644408518937e+02 2.090960380497176629e+02 9.746725709332021426e-03
2.516273517490218126e+02 2.093675991659052045e+02 8.352662777348234674e-03
2.513791968323141361e+02 2.083597970994119066e+02 1.476066633865185870e-03
2.512679646681193049e+02 2.061948056512265453e+02 4.685925821794240966e-05
2.511914434994494059e+02 2.046080574494505697e+02 4.767929523675639922e-03
2.511587825964714966e+02 2.037102223471802347e+02 3.245003631592512008e-03
2.511075888568684036e+02 2.023589653475785610e+02 3.315292518919425290e-03
2.514017127058878600e+02 1.982923900564653934e+02 6.642299852393336417e-03
2.510187085588435139e+02 1.962718539865514060e+02 1.091820716478058076e-02
2.510027881258639582e+02 1.943955389986176385e+02 8.774396101309716103e-03
2.510789461352826777e+02 1.944916824816663166e+02 1.364775895597572682e-02
2.514298282608186241e+02 1.968668377029591738e+02 5.880836906351772676e-03
2.514360956866052845e+02 1.968848902321876153e+02 5.962840608233171795e-03
2.513568918254024140e+02 1.992149902767039293e+02 4.803073967339097430e-03
2.514565146083737375e+02 2.013840936247979130e+02 2.526885499402544560e-02
2.515352615918089896e+02 2.016075771420538274e+02 2.422623649867622700e-02
2.514879337410088738e+02 2.029323469459478417e+02 4.287622126941730179e-03
2.515293924697172088e+02 2.030703474613996775e+02 6.208851713877369151e-03
2.515566879876291466e+02 2.032862632084534198e+02 6.806307256156134654e-03
2.516195965417867342e+02 2.044365408495583551e+02 1.370633302874815513e-03
2.516508633818326643e+02 2.045737799020641603e+02 7.028888732691361855e-04
2.514728802043063638e+02 2.041866755699257396e+02 5.154518403973664927e-04
2.515543918839764785e+02 2.043341065110939212e+02 5.857407277242801004e-04
2.516847894847824421e+02 2.049333075607413264e+02 7.286614652890044397e-03
2.514030247651179764e+02 2.066674281296127162e+02 2.108666619807408502e-04
2.515147372367095500e+02 2.068517841662566354e+02 1.077762939012675463e-03
2.515531735432628011e+02 2.069125254797216655e+02 1.358918488320329894e-03
2.515909889646446800e+02 2.069665190600032929e+02 1.663503666736955563e-03
2.516418546894402652e+02 2.070740259131698053e+02 2.670977718422717310e-03
2.515959677608303480e+02 2.069602164897729608e+02 2.542114758323375714e-03
2.516317330896652038e+02 2.069851807595885873e+02 2.647548089313746071e-03
2.516112087345657358e+02 2.069651718563295049e+02 2.260959209015721283e-03
2.514056840280218239e+02 2.064936505705114769e+02 9.723296080223049970e-04
2.514607553712424703e+02 2.036779714627117528e+02 3.127855486047655814e-03
2.513443686886436694e+02 2.034164265129682860e+02 1.956374030599095613e-03
2.513495114922330913e+02 2.033477308404208088e+02 1.979803659708066852e-03
2.511538858039877198e+02 2.017100114805182614e+02 2.178955507134322164e-03
2.515243785290878975e+02 1.982435275649586401e+02 1.152737752161383210e-02
2.512607834867974077e+02 1.975621470912115569e+02 1.067219605913638340e-02
2.511905531735432646e+02 1.968055457932100865e+02 8.680677584873831149e-03
2.510561491061596371e+02 1.962066258991120264e+02 6.677444296056793058e-03
2.511776903071624361e+02 1.963959255874979419e+02 8.973547948735971849e-03
2.515317940067008635e+02 1.971792952367563885e+02 8.879829432300086894e-03
2.515686605281038339e+02 1.973755418101731323e+02 7.532625758534242620e-03
2.515395609287504897e+02 2.000796021648977217e+02 4.252477683278273538e-03
2.512901056676272731e+02 1.996015557273728405e+02 5.236522105855064696e-03
2.512629975867482131e+02 1.994724467561678409e+02 3.608162882781565557e-03
2.513400810665167171e+02 1.995777746538272197e+02 4.029896206743046987e-03
2.513804386026569091e+02 1.996623439000960616e+02 5.634825800707574453e-03
2.515359879103113769e+02 2.036349195192240131e+02 8.083222042595065429e-04
2.516176753121998217e+02 2.043613785993767635e+02 6.759447997938193044e-03
2.515930156275626075e+02 2.048448255664112878e+02 7.321759096553501905e-03
2.516963168623040588e+02 2.059897378224502802e+02 2.085236990698437209e-03
2.517450036315925104e+02 2.062489280944682548e+02 1.464351819310700251e-03
2.517273376912443439e+02 2.062889341861718435e+02 2.108666619807408448e-03
2.516215763454464422e+02 2.061325179822403300e+02 1.405777746538272371e-03
2.514875002928703509e+02 2.058299477519270795e+02 9.606147934678193777e-04
2.514129823574892839e+02 2.021987535437314136e+02 2.331248096342634999e-03
2.513052060635880025e+02 2.020704763243597881e+02 1.546355521192099586e-03
2.513506361144303014e+02 2.021579157001944793e+02 2.764696234858602265e-03
2.513836953211030618e+02 2.022386073428457678e+02 8.317518333684777816e-04
2.514556945713549396e+02 2.027818701529954808e+02 9.488999789133337583e-04
2.515596518357114348e+02 2.054831072374124403e+02 6.443148004967080887e-04
2.515517911951453698e+02 2.055175487922026321e+02 3.245003631592512008e-03
2.513199315854830047e+02 2.010904852276188421e+02 3.631592511890536796e-03
2.513756589583186951e+02 1.988749326398163078e+02 1.620158852885358880e-02
2.513722968065415557e+02 1.995242613809423347e+02 1.754879220261943221e-02
2.514295471052693358e+02 1.998261755816405412e+02 8.856399803191115222e-03
2.514004357911014154e+02 2.000517560507017265e+02 6.220566528431854987e-03
2.515064431480049620e+02 2.046044024273095658e+02 7.380333169325929352e-04
2.515805862093203018e+02 2.050843349499777446e+02 9.922447927649305499e-03
2.517611232164194917e+02 2.067951664675148322e+02 2.143811063470865089e-03
2.516792952367563885e+02 2.079487242566950158e+02 2.811555493076544851e-04
2.517004521918418050e+02 2.080535718469576523e+02 5.740259131697944810e-04
2.516891708254258333e+02 2.081825285255734457e+02 2.260959209015721283e-03
2.516511328225674049e+02 2.081301984489585664e+02 2.495255500105433236e-03
2.513145779152316095e+02 2.065295564771209627e+02 1.171481455448560309e-04
2.512776059604976524e+02 2.064281061830791089e+02 0.000000000000000000e+00
2.513020782081019604e+02 2.065076029146458723e+02 3.045851784166256696e-04
2.514078161242707665e+02 2.068589770623931088e+02 9.371851643588482474e-04
2.515497176729692228e+02 2.076814273330053311e+02 7.028888732691361855e-04
2.516577634076052448e+02 2.086087837679529571e+02 2.659262903868231907e-03
2.516980623696726980e+02 2.089959232445350494e+02 1.183196270003045820e-03
2.517287200393617752e+02 2.089676085377568597e+02 1.148051826339588962e-03
2.513001686933295957e+02 2.089871137039900759e+02 7.731777605960497932e-04
2.513503315292518892e+02 2.090489210655795205e+02 3.397296220800824734e-04
2.516317682341088471e+02 2.100803519130292045e+02 1.722077739509383660e-03
2.515411658583444705e+02 2.098605351327288417e+02 2.858414751294487220e-03
2.515148895292987561e+02 2.097776411049412957e+02 2.424966612778519520e-03
2.513101614301445750e+02 2.089772615449497550e+02 2.577259201986832463e-04
2.511258639675733946e+02 2.081656943370586532e+02 2.026662917926009330e-03
2.511674515592418118e+02 2.081497504744500020e+02 2.436681427333005356e-03
2.511971368993228850e+02 2.080580117616738107e+02 2.307818467233663760e-03
2.511673109814671534e+02 2.079661207563084417e+02 1.440922190201729012e-03
2.512044938028631123e+02 2.080086572479557674e+02 1.487781448419671490e-03
2.513135235819216859e+02 2.043543731402731964e+02 3.256718446146997410e-03
2.512148379841147232e+02 1.999375366087954831e+02 1.370633302874815426e-02
2.511396171598603644e+02 1.984292073756472519e+02 1.073077013190881258e-02
2.510966472200745159e+02 1.982766804901478395e+02 1.207797380567465599e-02
2.511183664862585090e+02 1.982545512054544190e+02 7.708347976851526694e-03
2.512015065251517001e+02 1.984808462782034155e+02 8.868114617745601058e-03
2.514735010894777645e+02 2.024371031606569602e+02 4.264192497832759374e-03
2.515063728591176471e+02 2.024756449005412264e+02 8.387807221011692183e-03
2.515158970033504318e+02 2.028904313394718884e+02 3.034136969611770859e-03
2.515821559944706109e+02 2.036547995595229850e+02 3.725311028326421751e-03
2.516274103230945798e+02 2.038163117077856725e+02 3.748740657435392989e-03
2.516174527307232722e+02 2.039364354162273685e+02 4.967081371101895668e-03
2.516006185422084798e+02 2.041409292190904523e+02 2.870129565848972622e-03
2.516280780675241999e+02 2.044553314121037602e+02 2.178955507134322164e-03
2.516817202033691672e+02 2.047131979100770707e+02 1.323774044656873036e-03
2.516868395773294935e+02 2.049603336379185237e+02 1.839225885054239637e-03
2.516729106628241937e+02 2.051592980483118822e+02 2.214099950797778806e-03
2.516962348586021960e+02 2.052760478901618910e+02 2.296103652679177924e-03
2.517073170731707421e+02 2.053410182516810778e+02 2.729551791195145190e-03
2.517171106581382958e+02 2.054853799114360129e+02 3.034136969611770859e-03
2.517534734425153999e+02 2.056058199198706689e+02 2.624118460204774832e-03
2.517225814765352254e+02 2.057367446873315942e+02 1.862655514163210875e-03
2.517327499355685063e+02 2.058799934397038385e+02 1.206625899112017059e-03
2.517845997047866717e+02 2.060337269511023521e+02 1.218340713666502678e-03
2.518198730114102375e+02 2.061471849300625649e+02 1.476066633865185870e-03
2.518416157072233545e+02 2.062001710362924882e+02 1.101192568121646701e-03
2.517695930273423812e+02 2.067367681169607181e+02 2.038377732480494732e-03
2.517163491951922367e+02 2.072441367353154931e+02 1.757222183172840301e-03
2.517396851057847869e+02 2.077630210163773086e+02 3.045851784166256696e-03
2.516927321290503983e+02 2.082124833063892595e+02 3.467585108127738125e-03
2.517265410838546416e+02 2.082530634240060010e+02 5.388814695063377097e-03
2.517163960544504562e+02 2.082216560061854125e+02 5.177948033082636382e-03
2.514822989152081618e+02 2.040993181977929396e+02 9.196129425271197533e-03
2.512730488976359595e+02 2.019134040908132306e+02 2.354677725451606238e-03
2.511737072702139244e+02 2.014155127574330493e+02 4.697640636348726639e-03
2.511871558773224535e+02 2.013131135634122870e+02 5.529392469717204529e-03
2.511361730043813338e+02 2.010894308943089470e+02 5.716829502588974439e-03
2.512004287622126810e+02 2.011994564326046770e+02 6.478292448630538179e-03
2.513840701951688175e+02 2.018457510367611007e+02 5.107659145755723100e-03
2.514587052786954473e+02 2.021372156228766812e+02 6.466577634076052343e-03
2.515339261029497777e+02 2.027459525315714188e+02 7.169466507345188637e-03
2.516225369602399269e+02 2.033020313488437409e+02 8.106651671704037318e-03
2.516839108736908770e+02 2.035926524683114280e+02 6.958599845364447922e-03
2.516246573416742933e+02 2.047098591879290552e+02 2.460111056441976595e-03
2.516672524073943862e+02 2.050593121060893509e+02 1.511211077528642728e-03
2.516835711440687930e+02 2.052434807057004207e+02 1.440922190201729012e-03
2.517086642768445017e+02 2.055145615144912199e+02 8.317518333684777816e-04
2.517700733347391235e+02 2.060280569808579969e+02 1.604929593964527466e-03
2.518146716337480484e+02 2.062830416344509388e+02 2.319533281788149163e-03
2.513417914294416846e+02 2.071709074295353901e+02 4.100185094069960811e-04
2.513730934139312581e+02 2.072124598767601640e+02 8.903259061409057699e-04
2.511170075677702016e+02 2.068112391930835656e+02 3.631592511890536579e-04
2.511211077528642761e+02 2.068173426114664721e+02 3.514444366345680928e-04
2.511854220847683905e+02 2.069135915278461084e+02 4.334481385159672656e-04
2.515079777887115995e+02 2.076158126566856481e+02 6.935170216255476250e-03
2.517846348492303434e+02 2.086728989480096459e+02 1.101192568121646571e-02
2.517683161125559366e+02 2.090722101169138512e+02 1.669361074014198351e-02
2.516907874698343619e+02 2.112055949954312268e+02 1.241770342775473917e-03
2.516275040416110187e+02 2.110768257538483113e+02 2.729551791195145190e-03
2.514137321056207668e+02 2.105729364354162385e+02 2.928703638621400502e-03
2.514329795459337902e+02 2.105658021133525324e+02 2.987277711393828816e-03
2.513096928375623804e+02 2.088613551697476680e+02 0.000000000000000000e+00
2.512901876713291642e+02 2.087885241676624162e+02 0.000000000000000000e+00
2.512965605304468113e+02 2.062991846489070156e+02 8.786110915864201506e-04
2.513520067477331850e+02 2.030265691994095789e+02 8.305803519130291329e-03
2.512938309786556204e+02 2.007182587099646298e+02 1.098849605210749578e-02
2.511541435299079126e+02 2.003842459173871191e+02 1.125793678686066480e-02
2.511761556664557986e+02 2.001999133103722954e+02 9.067266465171856804e-03
2.511611255593823842e+02 2.001143365900517779e+02 4.967081371101895668e-03
2.513149996485555562e+02 2.007079731027857861e+02 5.119373960310208069e-03
2.513266793186663790e+02 2.007282748764087046e+02 5.775403575361401885e-03
2.513513272884890171e+02 2.007643916496801921e+02 4.931936927438439026e-03
2.512596822942292931e+02 2.005185914106979794e+02 3.221574002483540769e-03
2.514615285490030772e+02 1.977658677163140624e+02 3.233288817038026172e-03
2.514256460720226869e+02 1.976830439774138313e+02 6.806307256156134654e-03
2.514203626906586067e+02 1.978511047070124960e+02 5.470818396944776216e-03
2.514202572573276200e+02 1.995782901056676337e+02 2.624118460204774832e-03
2.515550596284060703e+02 2.006486727115109829e+02 2.014948103371523493e-03
2.515804690611747674e+02 2.011877884773084020e+02 3.245003631592512008e-03
2.515481010285607226e+02 2.025808205056113991e+02 6.958599845364447922e-03
2.516028326421592851e+02 2.029398678568918228e+02 5.224807291300578860e-03
2.515597455542278738e+02 2.028506478292448492e+02 5.962840608233171795e-03
2.514084135798130433e+02 2.025729130057871146e+02 5.177948033082636382e-03
2.512918980342541317e+02 2.022749935568519959e+02 3.162999929711112889e-03
2.512974039970947331e+02 2.022804292308052823e+02 3.280148075255968649e-03
2.513319627000304592e+02 2.023172371781354570e+02 4.147044352287903614e-03
2.513388627258030397e+02 2.023233640261474591e+02 3.959607319416133704e-03
2.513908999320540829e+02 2.025024483962418742e+02 4.721070265457697444e-03
2.515031161406714943e+02 2.028280030927110431e+02 4.193903610505846091e-03
2.515653452355849140e+02 2.030331997844474188e+02 2.682692532977203146e-03
2.515616667838148146e+02 2.032138773693212386e+02 4.767929523675639922e-03
2.515893020313488364e+02 2.035180759588575654e+02 3.819029544762306272e-03
2.515687893910639445e+02 2.035221527143225444e+02 4.158759166842388583e-03
2.512493381129776822e+02 2.024499191677795693e+02 1.932944401490124375e-03
2.509810805744945128e+02 2.003129964152667526e+02 8.118366486258523154e-03
2.510090789812797141e+02 1.997920151823996662e+02 1.109392938309786483e-02
2.510596869801551065e+02 1.992593074201635375e+02 1.117593308497926395e-02
2.510060565591246586e+02 1.991181790492256596e+02 9.453855345469880725e-03
2.513721210843232257e+02 2.001265551416321102e+02 4.826503596448068235e-03
2.514184180314425703e+02 2.001870855884351386e+02 6.349429488531196583e-03
2.514051802909959861e+02 2.015114336590051778e+02 1.003959607319416213e-02
2.516607155408729852e+02 2.033015744710761226e+02 3.537873995454651841e-03
2.516594269112719928e+02 2.034020758651390679e+02 2.916988824066915099e-03
2.515962372015650885e+02 2.033160774114945752e+02 3.245003631592512008e-03
2.515819334129940614e+02 2.033015041821888076e+02 2.038377732480494732e-03
2.515797310278578323e+02 2.034681474192263408e+02 3.139570300602141650e-03
2.516643822778285369e+02 2.054607905156861420e+02 4.334481385159672656e-04
2.516888662402474210e+02 2.060369250954757376e+02 7.052318361800332877e-03
2.516763196738595525e+02 2.066430613153393665e+02 3.713596213771935915e-03
2.513495114922330913e+02 2.077455073686183482e+02 0.000000000000000000e+00
2.513495114922330913e+02 2.077456362315784588e+02 1.405777746538272425e-04
2.511522105855064240e+02 2.070067711628124982e+02 1.054333309903704251e-04
2.509330264051920096e+02 2.059275204423514083e+02 2.319533281788149163e-03
2.510225393032028194e+02 2.057013073733042745e+02 1.757222183172840301e-03
2.512929875120076986e+02 2.063845505025655314e+02 3.291862889810454485e-03
2.516661043555680521e+02 2.077329373726013841e+02 3.022422155057285457e-03
2.516789086478761135e+02 2.081160352381621692e+02 6.595440594175393939e-03
2.517204259506571873e+02 2.085010543333098951e+02 6.419718375858109866e-03
2.515854009981021875e+02 2.116947939364119975e+02 7.028888732691362126e-05
2.516560999039385251e+02 2.118347625407089936e+02 2.530399943768890311e-03
2.516174995899814917e+02 2.125460626508282473e+02 4.990511000210866473e-03
2.515725264169068112e+02 2.135050959443312024e+02 2.272674023570206685e-03
2.513668377029591738e+02 2.128798997211873996e+02 1.722077739509383660e-03
2.515743773576064370e+02 2.066017783088493616e+02 1.066048124458189843e-03
2.513485860218832784e+02 2.017044820880485361e+02 4.381340643377615134e-03
2.512122021508399428e+02 2.011014854384854971e+02 5.751973946252431080e-03
2.513297954593378734e+02 1.986675569925727984e+02 9.055551650617370968e-03
2.512854431714345935e+02 1.983964058948946843e+02 9.348422014479509934e-03
2.513057449450575120e+02 1.985207469365759891e+02 6.841451699819592162e-03
2.514642581007942681e+02 1.994924556594269234e+02 8.188655373585436437e-03
2.515166116070382714e+02 1.995947962793748900e+02 8.774396101309716103e-03
2.514783510227033219e+02 1.997449099130760715e+02 1.002788125863967629e-02
2.514910733113094921e+02 2.004120334575103755e+02 7.837210936950868290e-03
2.514975633185726736e+02 2.004157704833532421e+02 9.981022000421732945e-03
2.514793584967549975e+02 2.003625617956467693e+02 1.025046273517490197e-02
2.514742391227946996e+02 2.003547245847098282e+02 1.036761088071975860e-02
2.514303085682153664e+02 2.009743562709402340e+02 7.134322063681731996e-03
2.515940231016143116e+02 2.032452379278836077e+02 3.514444366345680602e-03
2.515696328577118663e+02 2.032221831728403743e+02 2.799840678522058906e-03
2.516024226236498578e+02 2.033450950071460284e+02 4.416485087041071775e-03
2.515857407277242714e+02 2.035940348164288594e+02 5.728544317143459408e-03
2.515637285911764138e+02 2.037120615730652844e+02 4.873362854666010713e-03
2.515528455284552933e+02 2.039716852932218103e+02 5.822262833579344363e-03
2.515773412056887253e+02 2.040355076029146346e+02 5.177948033082636382e-03
2.514869731262154176e+02 2.038849722358895065e+02 3.631592511890536796e-03
2.514867036854806486e+02 2.038823129729856305e+02 3.198144373374569530e-03
2.515713783650804771e+02 2.043748506361144166e+02 3.186429558820083694e-03
2.517453316464000466e+02 2.064466858789625405e+02 6.560296150511937081e-04
2.517510601907171690e+02 2.065570745765094500e+02 1.745507368618354682e-03
2.516485087041072006e+02 2.069264778238560609e+02 2.811555493076544851e-04
2.516437876338417539e+02 2.069563857454136553e+02 4.685925821794241237e-04
2.516099903938520583e+02 2.068989948689112168e+02 3.631592511890536579e-04
2.516485087041072006e+02 2.071861952625289973e+02 9.254703498043626280e-04
2.516575876853869431e+02 2.076850003514444438e+02 2.014948103371523493e-03
2.517010379325695340e+02 2.079765235116328199e+02 2.108666619807408448e-03
2.515653803800285857e+02 2.051672992666526056e+02 2.202385136243293403e-03
2.512994892340854278e+02 1.996148871863358352e+02 9.512429418242309906e-03
2.511281952156697344e+02 1.992603266090297893e+02 7.848925751505354126e-03
2.510261474660856038e+02 1.981807595885757109e+02 1.686933295845926802e-03
2.509622900119491078e+02 1.976914903587076253e+02 2.518685129214404475e-03
2.514643986785689265e+02 1.996799161219277892e+02 5.341955436845434620e-03
2.515487453433612188e+02 1.998385698554391752e+02 1.186710714369391614e-02
2.515435322508844820e+02 2.027778871160469407e+02 4.111899908624446105e-03
2.515942925423490522e+02 2.029034816428855947e+02 6.771162812492678013e-03
2.515615613504838279e+02 2.033083222042594969e+02 6.829736885265106326e-03
2.515649820763337345e+02 2.034209367165717879e+02 5.798833204470373558e-03
2.515009488999789085e+02 2.033230828705981708e+02 4.779644338230125758e-03
2.515129800145263630e+02 2.033256015557273599e+02 4.404770272486586806e-03
2.515018157962559542e+02 2.038325015814999688e+02 1.663503666736955563e-03
2.514031770577071825e+02 2.061089594901712587e+02 7.028888732691362126e-05
2.514271455682856526e+02 2.061469974930296871e+02 1.640074037627984270e-04
2.514949977741852365e+02 2.062323047726154357e+02 1.874370328717696386e-04
2.515348984325578101e+02 2.062654459829900873e+02 5.623110986153089701e-04
2.515844169536796358e+02 2.063217122372952872e+02 8.317518333684777816e-04
2.516498793374100842e+02 2.064775075560554001e+02 8.200370188139921622e-04
2.517343314355333632e+02 2.069378529087884431e+02 1.159766640894074581e-03
2.517990323563178094e+02 2.077648368126332628e+02 1.208968862022914183e-02
2.517829947751927193e+02 2.080529392469717322e+02 1.691619221667721093e-02
2.517521848129144075e+02 2.087642042126473143e+02 5.552822098826175334e-03
2.517132916285935096e+02 2.091405777746538206e+02 3.397296220800824842e-03
2.517467139945174779e+02 2.093014807525596837e+02 4.557062861694899207e-03
2.516104121271760334e+02 2.090954171645462907e+02 2.846699936740001383e-03
2.516229586935638736e+02 2.091375787821278891e+02 3.198144373374569530e-03
2.515385183102551423e+02 2.090220824254352010e+02 2.729551791195145190e-03
2.515487336285466711e+02 2.090359059066094858e+02 2.460111056441976595e-03
2.515608584616105645e+02 2.090331529251891993e+02 3.303577704364939888e-03
2.515618542208476924e+02 2.090278343993814474e+02 4.006466577634076182e-03
2.514654881563224933e+02 2.044400084346664812e+02 2.342962910897120618e-04
2.512426138094234034e+02 2.009227056535694942e+02 4.849933225557039040e-03
2.511266605749630969e+02 2.005350975844052357e+02 3.701881399217450512e-03
2.512631498793374192e+02 2.007085939879571583e+02 2.413251798224034118e-03
2.513969447763641938e+02 2.011452988449192958e+02 3.409011035355310245e-03
2.515153581218809222e+02 2.029010098170145966e+02 4.018181392188562018e-03
2.516775731590169016e+02 2.059053325835851922e+02 1.042618495349218605e-03
2.517419343501792355e+02 2.060896651906000443e+02 4.322766570605187687e-03
2.516481806892996929e+02 2.068290105667627188e+02 3.174714744265598292e-03
2.516286989526955722e+02 2.073330990370422455e+02 9.957592371312761273e-04
2.516264848527447668e+02 2.073569738291042768e+02 7.497481314870785545e-04
2.516117827604788886e+02 2.073611091586420230e+02 8.903259061409057699e-04
2.516419835524003759e+02 2.075729481502307863e+02 1.183196270003045820e-03
2.516700171036292488e+02 2.075726318502377978e+02 1.382348117429301132e-03
2.516566387854080347e+02 2.079095967760830206e+02 1.827511070499754017e-03
2.517104097842131125e+02 2.082598345868184992e+02 1.897799957826667517e-03
2.517394039502354701e+02 2.090485696211428888e+02 2.717836976640659787e-03
2.517230149246737483e+02 2.092942995712377865e+02 2.764696234858602265e-03
2.514121857500995816e+02 2.085886577165483402e+02 1.640074037627984324e-03
2.514243574424216945e+02 2.085934725053302543e+02 1.815796255945268398e-03
2.513819146692907793e+02 2.069251071905531774e+02 5.505962840608233507e-04
2.513146833485625962e+02 2.068442749701272305e+02 5.857407277242801004e-04
2.512704013495466313e+02 2.065413064361191289e+02 4.685925821794241237e-04
2.513158899744616974e+02 2.066166326937044460e+02 6.560296150511937081e-04
2.513777207656802659e+02 2.067569996016962932e+02 8.786110915864201506e-04
2.514357676717977483e+02 2.069548042454487984e+02 1.593214779410041847e-03
2.514770038190295338e+02 2.072231203580047350e+02 7.966073897050209235e-04
2.515234882031817563e+02 2.074408519013144030e+02 1.042618495349218605e-03
2.515412947213045527e+02 2.075181228181157849e+02 1.066048124458189843e-03
2.513379489702678029e+02 2.070184156884796494e+02 4.920222112883952540e-04
2.513749443546308555e+02 1.999487828307677830e+02 2.082894027787540042e-02
2.512370375576954586e+02 1.976436470560670955e+02 1.867341439985005166e-02
2.512303718282139471e+02 1.975957568941683746e+02 2.185984395867013319e-02
2.512597994423748275e+02 1.975738853353951470e+02 1.615472927063564546e-02
2.514380052013776492e+02 1.987590965535015641e+02 6.396288746749139061e-03
2.514971181556196029e+02 2.022601508868114593e+02 2.460111056441976270e-04
2.515262060401583710e+02 2.027156814507626450e+02 9.207844239825683369e-03
2.515539701506525034e+02 2.039214170239685018e+02 7.263185023781073158e-04
2.516132353974836633e+02 2.044604976453222775e+02 8.668962770319345312e-04
2.516371687636184618e+02 2.052540708980576767e+02 1.019188866240247366e-03
2.516924158290574383e+02 2.055046859258218035e+02 1.698648110400412421e-03
2.517438555797661763e+02 2.056556430261709068e+02 2.237529579906750044e-03
2.513493240552002135e+02 2.068880415173027814e+02 1.757222183172840464e-04
2.515572971579859995e+02 2.074784447412197324e+02 2.460111056441976270e-04
2.516237084416953564e+02 2.082863452121552825e+02 1.066048124458189843e-03
2.517054192732128968e+02 2.090202666291792468e+02 1.189053677280288608e-02
2.517705302125067419e+02 2.093562240809727939e+02 2.685035495888100227e-02
2.517586513905484935e+02 2.092968768304397713e+02 1.782994775192708534e-02
2.513951524097373635e+02 2.084909795927930531e+02 4.791359152784611594e-03
2.514233499683699904e+02 2.084500714603687754e+02 3.701881399217450512e-03
2.515317822918863158e+02 2.087370609873245826e+02 3.701881399217450512e-03
2.515029521332677405e+02 2.086153909233616730e+02 3.010707340502800054e-03
2.515075091961294333e+02 2.086186359269932780e+02 2.811555493076544742e-03
2.515364096436353520e+02 2.086470677819170021e+02 2.424966612778519520e-03
2.514642698156088159e+02 2.085262997586748099e+02 2.331248096342634999e-03
2.515121834071366607e+02 2.085635880134017555e+02 2.741266605749631026e-03
2.515520606358801388e+02 2.086055153346922566e+02 3.057566598720742098e-03
2.515402403879946576e+02 2.085529275321571561e+02 2.588974016541318191e-03
2.513488788922471429e+02 2.077202736580679812e+02 2.085236990698437209e-03
2.513426466109041542e+02 2.076879056254539364e+02 1.089477753567161082e-03
2.513907476394648768e+02 2.041252079379583506e+02 1.300344415547901797e-03
2.514459009863873860e+02 1.995830111759330805e+02 7.052318361800332877e-03
2.511670649703615084e+02 1.980497176729692228e+02 1.013331458963004535e-02
2.511055153346922566e+02 1.978772287434690043e+02 9.992736814976218782e-03
2.511514959818186128e+02 1.980457112063916156e+02 7.181181321899674473e-03
2.514929476816382135e+02 2.006822239403950334e+02 6.396288746749139061e-03
2.515749865279632616e+02 2.030827768796419832e+02 2.011433659005177829e-02
2.515845692462688419e+02 2.033305217778402607e+02 1.040275532438321437e-02
2.515427707879384229e+02 2.037927297860874774e+02 6.595440594175393939e-03
2.515632365689651238e+02 2.039425036901665749e+02 5.681685058925516930e-03
2.516360324266066755e+02 2.040790047093554449e+02 6.349429488531196583e-03
2.516306201822825130e+02 2.040692931280897824e+02 6.173707270213912510e-03
2.516387385487687709e+02 2.041324828377966867e+02 6.126848011995970032e-03
2.516478409596776089e+02 2.042557578313535203e+02 6.560296150511937298e-03
2.516564630631897046e+02 2.043773810360582104e+02 7.380333169325929352e-03
2.516579157001944793e+02 2.045966589348890636e+02 7.087462805463789518e-03
2.516410580820505629e+02 2.047480611981912375e+02 7.380333169325929352e-03
2.516434947634778894e+02 2.047612872238232455e+02 8.317518333684777165e-03
2.516599423631123784e+02 2.047719008458095971e+02 6.443148004967081538e-03
2.516674398444272640e+02 2.048021953562475233e+02 7.509196129425270948e-03
2.516655186148403232e+02 2.047933741008879736e+02 7.825496122396382453e-03
2.516633045148895178e+02 2.048417914294416846e+02 6.958599845364447922e-03
2.516252196527728984e+02 2.048022422155057427e+02 6.642299852393336417e-03
2.516447248190061146e+02 2.048369883554743467e+02 6.232281342986340823e-03
2.515551182024788659e+02 2.067907265527986738e+02 2.940418453175886338e-03
2.515953351608443995e+02 2.068418968627726713e+02 4.721070265457697444e-03
2.514878283076778871e+02 2.066186124973641540e+02 2.436681427333005356e-03
2.514828143670485758e+02 2.066071671235444285e+02 2.448396241887490759e-03
2.515355076029146346e+02 2.071524917410557407e+02 5.740259131697944810e-04
2.516265082823738908e+02 2.083304397741383696e+02 8.083222042595065429e-04
2.516551861484032599e+02 2.085011597666408818e+02 6.208851713877369585e-04
2.516507228040580060e+02 2.087027834399381447e+02 8.903259061409057699e-04
2.515629202689721353e+02 2.085610927579016334e+02 9.488999789133337583e-04
2.515230430402286856e+02 2.049670696562873502e+02 1.862655514163210875e-03
2.512996649563037295e+02 2.016493756003842464e+02 6.935170216255476250e-03
2.515449380286310088e+02 1.984691197488343732e+02 8.797825730418687776e-03
2.512446990464140981e+02 1.974352287903282388e+02 7.567770202197699261e-03
2.512081253953749922e+02 1.972003584733253660e+02 4.873362854666010713e-03
2.511617347297392371e+02 1.969823106300227380e+02 5.435673953281319574e-03
2.514258335090555647e+02 1.993723436657997752e+02 4.756214709121154953e-03
2.517653522644736483e+02 2.011307490452426237e+02 2.139125137649071015e-02
2.517247604320423591e+02 2.015690822614278090e+02 3.355122888404676873e-02
2.512537663128792644e+02 2.026114547456713808e+02 1.112907382676132321e-03
2.511194208195684325e+02 2.023458798997211829e+02 2.928703638621400502e-04
2.510816991167029926e+02 2.022546449239708579e+02 2.811555493076544851e-04
2.511253719453621045e+02 2.023047140413767124e+02 4.685925821794241237e-04
2.511792366626836213e+02 2.023714533398936339e+02 1.159766640894074581e-03
2.512090742953539007e+02 2.024232445350390037e+02 1.944659216044609994e-03
2.513425528923877152e+02 2.026638785408026990e+02 2.788125863967573503e-03
2.514912958927860132e+02 2.029992736814976126e+02 1.640074037627984324e-03
2.516171481455448600e+02 2.034139664019118641e+02 3.807314730207820869e-03
2.516557601743164412e+02 2.037829830603781431e+02 3.854173988425763347e-03
2.516444436634567978e+02 2.039568777676249454e+02 4.264192497832759374e-03
2.516511445373819811e+02 2.041181907640402073e+02 4.451629530704529283e-03
2.516982380918909996e+02 2.042241161172418629e+02 3.854173988425763347e-03
2.517156931655771928e+02 2.044994142592722710e+02 4.275907312387245210e-03
2.517378693095288327e+02 2.046761556664557986e+02 6.255710972095311628e-03
2.516538740891731720e+02 2.052646376607858372e+02 3.444155479018767320e-03
2.517107963730934159e+02 2.059092804760900606e+02 3.327007333473911126e-03
2.517625641386096902e+02 2.061240481713174404e+02 4.603922119912841684e-03
2.517766687753332917e+02 2.064836109744382782e+02 3.936177690307162032e-03
2.517066961879993414e+02 2.070794381574939678e+02 2.706122162086174385e-03
2.517020571214357574e+02 2.075058222628335898e+02 6.325999859422225778e-04
2.516839343033199725e+02 2.077122490100981622e+02 1.276914786438930775e-03
2.516307373304280475e+02 2.076329162859351811e+02 2.424966612778519520e-03
2.513131955671141782e+02 2.014839155596166904e+02 2.624118460204774832e-03
2.512972165600618553e+02 1.980953468756589473e+02 9.840444225767906380e-03
2.511268714416250702e+02 1.965381668658185106e+02 9.453855345469880725e-03
2.511138328530259400e+02 1.963722968065415557e+02 6.970314659918933758e-03
2.511463766078582864e+02 1.965147255218950022e+02 7.310044281999016069e-03
2.513393430331997820e+02 2.000364213584498998e+02 8.411236850120662120e-03
2.515581406246339213e+02 2.023032731191865139e+02 1.910686253836601720e-02
2.515375225510180144e+02 2.027594479979381958e+02 1.608444038330873391e-02
2.514724467561678409e+02 2.029107331130948069e+02 6.946885030809962086e-03
2.513538694032473586e+02 2.026615707223354548e+02 5.541107284271690366e-03
2.511445022375295935e+02 2.020335160844403788e+02 4.076755464960989464e-03
2.510835266277734945e+02 2.019021695836554784e+02 3.748740657435392989e-03
2.510920784423982468e+02 2.018683020547784679e+02 4.615636934467327521e-03
2.511257702490569557e+02 2.019542185047210694e+02 4.100185094069961136e-03
2.512361355169747696e+02 2.021475012300555250e+02 5.681685058925516930e-03
2.513959607319416136e+02 2.025101098849605137e+02 5.107659145755723100e-03
2.514553196972891840e+02 2.026642182704247830e+02 4.439914716150043447e-03
2.514893395187554290e+02 2.028651976289215213e+02 6.009699866451114272e-03
2.515065602961505249e+02 2.030665752911131392e+02 7.544340573088727589e-03
2.515296033363791821e+02 2.031197605491905165e+02 6.056559124669056750e-03
2.515729012909725668e+02 2.034731730746702283e+02 5.892551720906257645e-03
2.516518708558843400e+02 2.042705419273212897e+02 2.811555493076544742e-03
2.517121435767671755e+02 2.044951383519598949e+02 3.655022140999508035e-03
2.517017759658864691e+02 2.048221222558046861e+02 4.053325835852018659e-03
2.517102926360675781e+02 2.053828049951969206e+02 2.881844380403458025e-03
2.517369204095499242e+02 2.055782666760385098e+02 2.729551791195145190e-03
2.517636184719195853e+02 2.059365994236311224e+02 3.596448068227080155e-03
2.517853611677327024e+02 2.060657435392797652e+02 5.025655443874323114e-03
2.514215927461868318e+02 2.046266722897776447e+02 7.497481314870785545e-04
2.513175066188702260e+02 2.007793046086080437e+02 1.418664042548206487e-02
2.512451207797380448e+02 1.996277266230875682e+02 5.986270237342142600e-03
2.512792226049061526e+02 1.996350249525549998e+02 4.299336941496216015e-03
2.513474613996860398e+02 1.998922354209132948e+02 6.747733183383707208e-03
2.513911459431597279e+02 1.999951500667744426e+02 8.118366486258523154e-03
2.514424919753520271e+02 2.027060635880133930e+02 2.881844380403458025e-03
2.514916121927790016e+02 2.027528408425294515e+02 3.619877697336050960e-03
2.514698812117804039e+02 2.031537452262130614e+02 6.325999859422225778e-04
2.513230008668962796e+02 2.042921089009161051e+02 6.091703568332513391e-04
2.512967596822942369e+02 2.042263887912654354e+02 3.983036948525104618e-04
2.513593753660879599e+02 2.042946978749326377e+02 5.271666549518521120e-04
2.514638949415430886e+02 2.044821934818771751e+02 1.921229586935638755e-03
2.516592980483118822e+02 2.050821559944706109e+02 8.985262763290457685e-03
2.517653288348445528e+02 2.056005951125793558e+02 1.609615519786321627e-02
2.517559101239427264e+02 2.062711628124926904e+02 5.072514702092265591e-03
2.517834867974040094e+02 2.065181462477449088e+02 5.037370258428808950e-03
2.517811321196785457e+02 2.066690213443921209e+02 3.819029544762306272e-03
2.518263278742297473e+02 2.068075021672406990e+02 3.209859187929054933e-03
2.518430214849698814e+02 2.068765844286685081e+02 2.717836976640659787e-03
2.518519364588458700e+02 2.069418125161078592e+02 3.526159180900166439e-03
2.517777348234577346e+02 2.073597033808954677e+02 5.224807291300578860e-03
2.516751950516623424e+02 2.080290293104660293e+02 3.397296220800824842e-03
2.517187741618050154e+02 2.082952484712166950e+02 6.630585037838850580e-03
2.516267777231086313e+02 2.091421124153604580e+02 2.588974016541318191e-03
2.516425575783135287e+02 2.091623087556523899e+02 3.069281413275227934e-03
2.516528900447505919e+02 2.092408331576111209e+02 2.389822169115062879e-03
2.516860898291980106e+02 2.093296197371195717e+02 2.858414751294487220e-03
2.515186499847707466e+02 2.090399709472599170e+02 1.581499964855556445e-03
2.512770319345844712e+02 2.080442234249431692e+02 9.606147934678193777e-04
2.513401279257749366e+02 2.044520864084721552e+02 5.388814695063377314e-04
2.513048311895222753e+02 2.012568121646634438e+02 6.431433190412595702e-03
2.511838757292472053e+02 2.007519036573650908e+02 6.197136899322883315e-03
2.511470560671024543e+02 2.006186710714369497e+02 6.431433190412595702e-03
2.511515194114477083e+02 2.005882125535952696e+02 6.630585037838850580e-03
2.511841451699819459e+02 2.006355989784681810e+02 8.270659075466835555e-03
2.513780487804878021e+02 2.026515662707059278e+02 7.005459103582390400e-03
2.513872097654694073e+02 2.026866404254820679e+02 6.056559124669056750e-03
2.513865420210398156e+02 2.028705278695438210e+02 4.697640636348726639e-03
2.514224010683910819e+02 2.030452660434385450e+02 3.643307326445022198e-03
2.514442609123497618e+02 2.031875658958318809e+02 1.792366626836297159e-03
2.514703732339916940e+02 2.032329373726013841e+02 2.788125863967573503e-03
2.514565028935591897e+02 2.032005341955436961e+02 2.823270307631030145e-03
2.514442726271643096e+02 2.031966331622970472e+02 3.256718446146997410e-03
2.514973407370961240e+02 2.033660528103840193e+02 5.084229516646751428e-03
2.515777629390126719e+02 2.045259131697945350e+02 6.466577634076052343e-03
2.516669126777723022e+02 2.049909913076076009e+02 2.436681427333005356e-03
2.516978397881961484e+02 2.051404723413228339e+02 2.881844380403458025e-03
2.516818139218856061e+02 2.051215763454464422e+02 3.584733253672594318e-03
2.515971861015440254e+02 2.050109533516084355e+02 2.354677725451606238e-03
2.516118881938099037e+02 2.050318642955882069e+02 1.616644408519013086e-03
2.516079168716759114e+02 2.050346289918230696e+02 1.675218481291441183e-03
2.516340057636887479e+02 2.050699491577048263e+02 2.167240692579836328e-03
2.516371570488039140e+02 2.059200112462219749e+02 1.593214779410041847e-03
2.517057941472786524e+02 2.067155174433588627e+02 3.045851784166256696e-04
2.517581242238935317e+02 2.068490077552072250e+02 8.434666479229634009e-04
2.516737775591012394e+02 2.075919144349944929e+02 9.371851643588482474e-04
2.517009090696094233e+02 2.082173918136875841e+02 1.159766640894074581e-03
2.517218551580328381e+02 2.090007146036878112e+02 3.514444366345680928e-04
2.517778051123450780e+02 2.093798294323000846e+02 2.670977718422717310e-03
2.516488250041001891e+02 2.091145474567137512e+02 1.558070335746585206e-03
2.515483353248518199e+02 2.060830346055622044e+02 1.083620346289918164e-02
2.511635153815515196e+02 2.014212295869356524e+02 1.238255898409128253e-02
2.510743304983482176e+02 2.010163187366744069e+02 7.989503526159180691e-03
2.511016611607038271e+02 2.009624540193528617e+02 5.295096178627492142e-03
2.511002670977718481e+02 2.009883086150746294e+02 4.275907312387245210e-03
2.511420069820294714e+02 2.010143506478292466e+02 4.498488788922471761e-03
2.514171528314706734e+02 2.027528291277149037e+02 1.768936997727325921e-03
2.515291933178697832e+02 2.029242402942761316e+02 9.512429418242309906e-03
2.513103488671774244e+02 2.040492959396452761e+02 1.159766640894074581e-03
2.512136079285864980e+02 2.039062346243059096e+02 1.452637004756214632e-03
2.511890185328366272e+02 2.038662636770459926e+02 1.288629600993416177e-03
2.512320704763243668e+02 2.039160750685316543e+02 1.429207375647243610e-03
2.512777699679014063e+02 2.039765117968182437e+02 1.733792554063869062e-03
2.514631217637824818e+02 2.043106651671704128e+02 2.530399943768890311e-03
2.516173121529486139e+02 2.048539865513928930e+02 2.729551791195145190e-03
2.517126824582366851e+02 2.052869778121412310e+02 4.053325835852018659e-03
2.517455307982474721e+02 2.055182282514467715e+02 3.701881399217450512e-03
2.517841779714627251e+02 2.057119444249197500e+02 3.889318432089219988e-03
2.518101614301445750e+02 2.058370469295471139e+02 4.533633232585928402e-03
2.518254844075818255e+02 2.061270940231016198e+02 2.694407347531688549e-03
2.518248049483376576e+02 2.063658888029802370e+02 3.912748061198191227e-03
2.518444389775309844e+02 2.065446217286380488e+02 3.116140671493170412e-03
2.518523347625407212e+02 2.066145943159719707e+02 2.752981420304116428e-03
2.518279093741946042e+02 2.067985403341065194e+02 4.287622126941730179e-03
2.517092265879431068e+02 2.072804175159907345e+02 2.788125863967573503e-03
2.517157751692790839e+02 2.076031020828940257e+02 3.514444366345680602e-03
2.517079028138984427e+02 2.077698156088189023e+02 1.745507368618354682e-03
2.517062978843044903e+02 2.078615191771514219e+02 1.253485157329959536e-03
2.515169747662894508e+02 2.075484876174410260e+02 1.112907382676132321e-03
2.515212975328600464e+02 2.075672898948009788e+02 1.171481455448560201e-03
2.515682387947798873e+02 2.052863569269698587e+02 1.288629600993416232e-04
2.513824066915020694e+02 2.021426630116445153e+02 3.209859187929054933e-03
2.510837843536936873e+02 2.014349359199643743e+02 2.940418453175886338e-03
2.510928399053443059e+02 2.013348328295963086e+02 3.022422155057285457e-03
2.511909280476090203e+02 2.016382699561866048e+02 2.448396241887490759e-03
2.512767507790351544e+02 2.017441718797591363e+02 3.338722148028396529e-03
2.515726435650523740e+02 2.035201611958482601e+02 1.464351819310700251e-03
2.515783955389986204e+02 2.036175815936833828e+02 1.944659216044609994e-03
2.515675827651648149e+02 2.039310466015323016e+02 2.354677725451606238e-03
2.515806213537639735e+02 2.041733792554063882e+02 3.057566598720742098e-03
2.515780206649328647e+02 2.042184578618120554e+02 2.858414751294487220e-03
2.516022586162461039e+02 2.042484595018860887e+02 3.971322133970619540e-03
2.516177573159016845e+02 2.043041283006490119e+02 4.322766570605187687e-03
2.516358567043883738e+02 2.043297251704505584e+02 4.849933225557039040e-03
2.516353763969916315e+02 2.043388744406176158e+02 4.439914716150043447e-03
2.516352475340315493e+02 2.046854103699538427e+02 1.768936997727325921e-03
2.516905648883578124e+02 2.050363627843771326e+02 2.846699936740001383e-03
2.517356786392071513e+02 2.054444014901244202e+02 2.483540685550947834e-03
2.517497012722288616e+02 2.061602938075490385e+02 7.146036878236218049e-04
2.518047374710058364e+02 2.062764110494130989e+02 1.171481455448560201e-03
2.517051264028490323e+02 2.067191958951289905e+02 2.319533281788149163e-03
2.517228157728263227e+02 2.069137321056207668e+02 2.085236990698437209e-03
2.516895808439352322e+02 2.071987418289168374e+02 2.003233288817038091e-03
2.517116632693704332e+02 2.073252383964761805e+02 1.827511070499754017e-03
2.517087931398045839e+02 2.074164850870410817e+02 2.436681427333005356e-03
2.517091797286848873e+02 2.074828846559358908e+02 3.373866591691853604e-03
2.515058222628335898e+02 2.071736486961411288e+02 1.897799957826667517e-03
2.515379559991565372e+02 2.072058878657950913e+02 2.565544387432346952e-03
2.515780558093765364e+02 2.072414774724116171e+02 3.057566598720742098e-03
2.516342400599798452e+02 2.073105948782830694e+02 3.233288817038026172e-03
2.515033972962208111e+02 2.071058667791288883e+02 2.108666619807408448e-03
2.514520278343993880e+02 2.070158735737213362e+02 1.230055528220988298e-03
2.513333450481478906e+02 2.057807455307982423e+02 2.108666619807408502e-04
2.513796302804526590e+02 2.013500855181462441e+02 1.511211077528642728e-03
2.513059323820903899e+02 1.986033715236287946e+02 1.558070335746585206e-03
2.512919448935123228e+02 1.984668587896253484e+02 2.624118460204774832e-03
2.512952133267730233e+02 1.983213022187858883e+02 3.901033246643705824e-03
2.512451207797380448e+02 1.979235725498465399e+02 2.307818467233663760e-03
2.512177315433096680e+02 2.005286075771420542e+02 2.319533281788149163e-03
2.512595300016400870e+02 2.005559968135704310e+02 3.549588810009137677e-03
2.514105222464328335e+02 2.009185468944026525e+02 5.236522105855064696e-03
2.515588786579508565e+02 2.045743304983482176e+02 6.091703568332513391e-03
2.515431690916332741e+02 2.045943276867927239e+02 6.220566528431854987e-03
2.514279421756753550e+02 2.043115086338183346e+02 7.509196129425270948e-03
2.514543005084229605e+02 2.043450481478878089e+02 9.043836836062885132e-03
2.514814671633748162e+02 2.044838335559147993e+02 5.377099880508891261e-03
2.515200089032590540e+02 2.046690096295775732e+02 4.065040650406504495e-03
2.515399475176307931e+02 2.047578899276024345e+02 2.752981420304116428e-03
2.515905555165061855e+02 2.049599470490382203e+02 2.905274009512429263e-03
2.516492467374241357e+02 2.051466811930367271e+02 2.952133267730371741e-03
2.516919706661043676e+02 2.054435228790328267e+02 2.424966612778519520e-03
2.517074576509453721e+02 2.055086923923994391e+02 2.167240692579836328e-03
2.517157868840936317e+02 2.056462126004545325e+02 2.659262903868231907e-03
2.517566950165178810e+02 2.057440430167990542e+02 2.647548089313746071e-03
2.517253461727700881e+02 2.056967034511843622e+02 2.366392540006091640e-03
2.517317893207750501e+02 2.057034628991823126e+02 2.378107354560577476e-03
2.517329373726013841e+02 2.057014479510789329e+02 2.952133267730371741e-03
2.517489983833555982e+02 2.057513179166373902e+02 3.666736955553993437e-03
2.517748529790773375e+02 2.057770905086572384e+02 4.334481385159672656e-03
2.517756027272088204e+02 2.060534781284412134e+02 2.506970314659919073e-03
2.514655467303952605e+02 2.086337597525831029e+02 5.740259131697944810e-04
2.515097701553384297e+02 2.086931890068180167e+02 3.936177690307162032e-03
2.514786438930671864e+02 2.090393617769030641e+02 2.401536983669548715e-03
2.514314800496708244e+02 2.089256460720226869e+02 2.038377732480494732e-03
2.513573721327991279e+02 2.043234343150348025e+02 4.873362854666010713e-03
2.512679880977484004e+02 2.029581546824113900e+02 1.394062931983786752e-03
2.514198238091890971e+02 1.991232867083714098e+02 3.409011035355310245e-03
2.514253532016588224e+02 1.991777020219769838e+02 6.325999859422225778e-03
2.514155713315058165e+02 1.992373538576884187e+02 6.572010965066423134e-03
2.514154541833602821e+02 2.009929593964527612e+02 3.549588810009137677e-03
2.514423162531337255e+02 2.010915747053724090e+02 4.592207305358355848e-03
2.514376537569410175e+02 2.013220285372882472e+02 4.908507298329467354e-03
2.514257515053536736e+02 2.014919519224010571e+02 5.107659145755723100e-03
2.514241348609451450e+02 2.014893746631990723e+02 4.943651741992923995e-03
2.513725076732035291e+02 2.014036456502893486e+02 4.849933225557039040e-03
2.514162742203790799e+02 2.015088212553595213e+02 5.564536913380661171e-03
2.514896206743047173e+02 2.018532133736322862e+02 6.583725779620908970e-03
2.515322157400248386e+02 2.022168880766617463e+02 8.446381293784119629e-03
2.515684145169981889e+02 2.025642674726458949e+02 6.665729481502308089e-03
2.516089360605421632e+02 2.029917527705536315e+02 4.334481385159672656e-03
2.516011925681216326e+02 2.033356060073569154e+02 5.611396171598603648e-03
2.516377779339753147e+02 2.035120076849183590e+02 6.068273939223541719e-03
2.516355989784681810e+02 2.036299290082237974e+02 5.423959138726833738e-03
2.516397577376350227e+02 2.036902251587357284e+02 5.388814695063377097e-03
2.516573416742812981e+02 2.037561327054192759e+02 5.763688760806916049e-03
2.516472669337644277e+02 2.039801433893301521e+02 3.303577704364939888e-03
2.516629413556383383e+02 2.041581851409292199e+02 4.018181392188562018e-03
2.516940090438368429e+02 2.044234202572573338e+02 5.904266535460743481e-03
2.516564747780042524e+02 2.051009934162742070e+02 5.892551720906257645e-03
2.517092148731285590e+02 2.054209601462008834e+02 5.459103582390290380e-03
2.517222183172840460e+02 2.057998992525948267e+02 2.752981420304116428e-03
2.515262294697874950e+02 2.054869145521426503e+02 7.146036878236218049e-04
2.514930296853400762e+02 2.012972634193200747e+02 1.436236264379934895e-02
2.511545769780464354e+02 1.999774138375389612e+02 5.962840608233171795e-03
2.510703708910288015e+02 1.997482369204095392e+02 6.642299852393336417e-03
2.511381645228555897e+02 1.997642042126473143e+02 3.842459173871277511e-03
2.512054544176565685e+02 1.998722733769124318e+02 3.936177690307162032e-03
2.514490639863170998e+02 2.018066235561491055e+02 2.530399943768890311e-03
2.512018111103301123e+02 2.021134111197019649e+02 2.706122162086174385e-03
2.512930929453386852e+02 2.022892856306084752e+02 3.537873995454651841e-03
2.513494646329748718e+02 2.023724959583889813e+02 4.732785080012183281e-03
2.513920011246221975e+02 2.024348773458916071e+02 6.056559124669056750e-03
2.514128066352709538e+02 2.024458541271291665e+02 6.056559124669056750e-03
2.513738197324336454e+02 2.023835547433284034e+02 5.552822098826175334e-03
2.514270987090274332e+02 2.024583889787024589e+02 5.869122091797286840e-03
2.515169981959185463e+02 2.027438438649516286e+02 6.197136899322883315e-03
2.515821559944706109e+02 2.029902532742906658e+02 6.115133197441484196e-03
2.516634568074787239e+02 2.035005271666549618e+02 5.201377662191607187e-03
2.516785220589958101e+02 2.042673789273915759e+02 2.424966612778519520e-03
2.517284740282561302e+02 2.045443171434596081e+02 1.874370328717696495e-03
2.517061690213443796e+02 2.047823738900213186e+02 2.342962910897120402e-03
2.517421803612848805e+02 2.051124739345376042e+02 2.120381434361893851e-03
2.517351749021812850e+02 2.054252243386987118e+02 1.733792554063869062e-03
2.517814835641151774e+02 2.059474590567231189e+02 1.569785150301070825e-03
2.517461633982333922e+02 2.065611513319744290e+02 1.007474051685761747e-03
2.517412900353787393e+02 2.069879806002670932e+02 9.254703498043626280e-04
2.517602563201424459e+02 2.074391532532040117e+02 1.112907382676132321e-03
2.517730840420796028e+02 2.078766664323703708e+02 7.146036878236218049e-04
2.517593191349780852e+02 2.083677514584944106e+02 8.786110915864201506e-04
2.517108783767953071e+02 2.082261076357161187e+02 1.382348117429301132e-03
2.514370445865841930e+02 2.078376795295330339e+02 5.388814695063377314e-04
2.514418359457369831e+02 2.040624516763899692e+02 2.881844380403458025e-03
2.514395867013425061e+02 1.996703919776950045e+02 2.143811063470865089e-03
2.513032731191865139e+02 1.994244863053817767e+02 1.312059230102387416e-03
2.512777933975305302e+02 1.992494552611232166e+02 1.405777746538272371e-03
2.512476628944963863e+02 1.991014971533000733e+02 1.452637004756214632e-03
2.515057988332044658e+02 2.007255570394320614e+02 8.598673882992432030e-03
2.515725615613504829e+02 2.008272533445795602e+02 1.207797380567465599e-02
2.515294627586045237e+02 2.011145591715283274e+02 9.406996087251939115e-03
2.514996134111196966e+02 2.011775145849441344e+02 9.887303483985847991e-03
2.515201729106628363e+02 2.012137133619174847e+02 1.165624048171317456e-02
2.514563740305991075e+02 2.011138797122841595e+02 1.077762939012675419e-02
2.513744054731613460e+02 2.009305077200627920e+02 8.821255359527659448e-03
2.513237740446568864e+02 2.008683957732949068e+02 8.141796115367493092e-03
2.513405613739134594e+02 2.009178205759002935e+02 9.383566458142967442e-03
2.513834493099974168e+02 2.010198331810407524e+02 9.289847941707082488e-03
2.514513483751552201e+02 2.015016166444085286e+02 1.445608116023523390e-02
2.515089149738759602e+02 2.016016494458892794e+02 1.499496262974157196e-02
2.515343126918300811e+02 2.016644642815304280e+02 1.538155151003959588e-02
2.515633302874815627e+02 2.017559686980155220e+02 1.526440336449473925e-02
2.515586795061034309e+02 2.020677116281249255e+02 1.459665893488906047e-02
2.515893606054216036e+02 2.022192193247580860e+02 1.063705161547292763e-02
2.515775637871652464e+02 2.034541833602773977e+02 4.498488788922471761e-03
2.516729692368969893e+02 2.042743843864951714e+02 3.092711042384199173e-03
2.516861366884562301e+02 2.044866568262224291e+02 1.300344415547901797e-03
2.517361355169747696e+02 2.046402731894754083e+02 2.354677725451606238e-03
2.517138305100630191e+02 2.050659778355708625e+02 5.611396171598603648e-03
2.517282163023359374e+02 2.054221081980272174e+02 5.693399873480002767e-03
2.517593777090508524e+02 2.055348984325578101e+02 6.103418382886999227e-03
