7.957031672856902560e+01 6.718207693312677975e+01 7.450214636331398310e+01
9.592372944623826925e+01 8.269564568207692901e+01 9.768324343492785999e+01
9.437333656843166807e+01 8.141975400810018471e+01 9.608186043039250990e+01
9.250249164784710842e+01 7.982184251292484589e+01 9.381962149349558899e+01
9.111235745347990189e+01 7.917574049534331948e+01 9.232540734242893166e+01
9.495432912148416449e+01 8.292497993616902363e+01 9.533582187050896550e+01
9.202688553351126188e+01 8.099332760969782896e+01 9.334644170290599163e+01
9.178605423766774152e+01 8.267730827376396974e+01 9.477683420743201737e+01
8.851547247988951028e+01 8.127920453909180765e+01 9.344711547434629040e+01
9.152390862091490931e+01 8.412349054666940162e+01 9.605335112637413886e+01
9.068295414248119357e+01 8.319579499430747660e+01 9.570812258534127182e+01
9.167581515145859328e+01 8.450034528453312532e+01 9.842638907034472595e+01
9.594661154556823135e+01 8.749081729782190564e+01 1.022704604415909273e+02
9.606860896993225651e+01 8.677417458332556066e+01 1.018876612105489130e+02
9.913107747438361628e+01 8.848141062729800410e+01 1.040758506131133458e+02
1.024009220030235667e+02 9.140381492749024517e+01 1.069590511207749302e+02
1.055082774967804511e+02 9.354421508426808884e+01 1.082142350547789249e+02
1.087422684260624521e+02 9.459250825883275127e+01 1.068994288807181903e+02
1.172766009070717956e+02 1.021760484518188150e+02 1.142252468317811065e+02
1.194588644804867528e+02 1.032512084958659244e+02 1.148885384199033268e+02
1.225564493551578096e+02 1.060654640810765414e+02 1.170546856044345674e+02
1.212955822243789612e+02 1.041489389499617317e+02 1.152913828178950695e+02
1.235575598648724309e+02 1.058410477985778044e+02 1.163353646018029508e+02
1.222870807592526887e+02 1.040913324250172707e+02 1.151872935291812041e+02
1.260281080273988010e+02 1.071528210679557276e+02 1.175219209018458741e+02
1.340698407958341818e+02 1.149132682580861911e+02 1.254146587282330785e+02
1.382915227981112025e+02 1.182032512738199728e+02 1.283120252337669740e+02
1.415027809402937748e+02 1.217510965116930208e+02 1.315754306724649609e+02
1.420043113906567953e+02 1.221368913193602026e+02 1.317346255062617786e+02
1.511809104313257137e+02 1.308213105881035574e+02 1.395068123705183041e+02
1.544900894006980252e+02 1.338113439967151237e+02 1.419107299501670525e+02
1.528554097687526792e+02 1.321520931708318471e+02 1.400775303757069139e+02
1.593468803075832056e+02 1.382415685249818011e+02 1.448102334870005166e+02
1.558044756341103891e+02 1.349987028499971871e+02 1.419767539521081119e+02
1.523633419810000191e+02 1.319630172268985859e+02 1.389718359805147543e+02
1.421761324399484749e+02 1.220722204595083866e+02 1.308776666231172783e+02
1.270062617816681865e+02 1.082318445659680037e+02 1.207618936523637956e+02
1.210610687022900720e+02 1.030956344836596372e+02 1.171694227215886883e+02
1.067540174322029145e+02 9.099730304783589929e+01 1.108529274529199853e+02
9.956230986020642604e+01 8.505313649004274623e+01 1.099993560910058079e+02
8.761271207002744177e+01 7.578542899270236433e+01 1.120180574478806932e+02
8.310475186173687234e+01 7.340921816383284693e+01 1.170390264842568939e+02
8.302186490975941524e+01 7.291448141995931564e+01 1.241821049291700092e+02
8.925071389910226571e+01 7.666629649676178815e+01 1.351542395341458302e+02
9.875508128184550571e+01 8.037629481699919154e+01 1.375972489221523460e+02
1.041884693629966989e+02 7.916837753597491201e+01 1.258007428283469267e+02
1.072414285447656681e+02 7.866024001941059396e+01 1.205235353403385687e+02
1.109314283581253875e+02 7.930328113626607944e+01 1.200125982194516467e+02
1.122279344519307926e+02 8.045406782508072752e+01 1.237353907314432888e+02
1.177865021743593559e+02 8.329401444595831094e+01 1.305949345825789862e+02
1.240125982194516467e+02 8.641819556169394900e+01 1.349414696056290666e+02
1.297596446368913234e+02 9.077938184736557048e+01 1.407312286530170411e+02
1.402326284551783431e+02 1.001338304186341617e+02 1.514135202224752277e+02
1.490050299557662470e+02 1.096148397693126100e+02 1.580709606375632177e+02
1.563269004647343081e+02 1.160052725881408691e+02 1.582271505627204817e+02
1.597281770843054289e+02 1.197367998656189911e+02 1.584689337240336613e+02
1.618998114933089596e+02 1.190472199929076709e+02 1.567097370238339522e+02
1.624627652625095777e+02 1.169973403758935433e+02 1.534761940312435797e+02
1.637935291812090668e+02 1.159729091621717458e+02 1.510338285522312844e+02
1.617862688739991484e+02 1.125180947759383372e+02 1.491663804848914765e+02
1.609319882789899054e+02 1.105112544093768037e+02 1.463146288657869718e+02
1.610194759140708243e+02 1.094842848877358676e+02 1.449277795404915992e+02
1.597021034360477074e+02 1.087587021034360504e+02 1.454542637973833052e+02
1.604868885197558654e+02 1.106355755053285748e+02 1.459293006588402193e+02
1.609704455103678811e+02 1.119464622333376838e+02 1.465248978144422267e+02
1.605594915918550214e+02 1.126406987812389247e+02 1.451054330987886942e+02
1.610737415778569925e+02 1.137257974206312241e+02 1.453722167267026180e+02
1.605992366412213812e+02 1.136297803243808175e+02 1.435346311054704245e+02
1.618038970492170563e+02 1.144030123742511051e+02 1.436526437596819790e+02
1.623721420705873584e+02 1.139659754754661378e+02 1.427979712200675522e+02
1.626517012262266917e+02 1.136133839750648633e+02 1.416131693387334565e+02
1.624532186117695289e+02 1.124974430280520323e+02 1.401569831463819753e+02
1.627463278523302108e+02 1.118256499748035679e+02 1.402344388659736012e+02
1.624026017656171348e+02 1.106522051550047649e+02 1.391748819500177206e+02
1.623708822486422036e+02 1.102839918624834326e+02 1.386327759010059992e+02
1.623960693555310968e+02 1.101602960114970386e+02 1.382735680023889984e+02
1.625914537412045888e+02 1.104819425521193068e+02 1.382342522256854238e+02
1.627166893745684035e+02 1.109860486384590956e+02 1.386375912204408394e+02
1.630045820190746326e+02 1.111980066817223189e+02 1.383057447880699442e+02
1.623105134474327542e+02 1.101107990070736662e+02 1.372694619160492095e+02
1.613434367942664096e+02 1.092189570540696906e+02 1.365010171895705469e+02
1.618505571212602092e+02 1.094426920995166057e+02 1.365277067507792310e+02
1.609808600384479007e+02 1.086099591257768964e+02 1.350101345676477820e+02
1.597976819276208857e+02 1.071667351014390022e+02 1.339019765206517434e+02
1.590522406166595033e+02 1.067801470725470807e+02 1.339529759793949211e+02
1.585423860094439874e+02 1.077127419324735484e+02 1.357416991731835196e+02
1.585167509658634799e+02 1.092882006009817246e+02 1.394561395322794510e+02
1.586619664420761922e+02 1.121177886858657331e+02 1.424075757292969229e+02
1.600850613113346697e+02 1.166278299333694122e+02 1.455358629313723782e+02
1.586622930625804884e+02 1.164219656955150271e+02 1.427840011944978471e+02
1.614378767800817513e+02 1.184430373840497168e+02 1.262990630657533728e+02
1.805244312137217833e+02 1.427777674088728759e+02 1.335847720188880032e+02
1.907222232591127238e+02 1.579584352078239533e+02 1.462609137908509069e+02
2.122683047462625154e+02 1.873112413445566347e+02 1.746074021538289287e+02
2.218510703820526828e+02 2.008254913305586058e+02 1.895145206144198369e+02
2.200374680378506582e+02 2.009572313779652575e+02 1.894542078052968463e+02
2.187749024804494411e+02 2.028079564754847866e+02 1.920075216036133554e+02
2.105504675339218750e+02 1.948393680359842506e+02 1.846106403628287183e+02
2.135384199033203174e+02 1.988219918251553793e+02 1.860657253774799926e+02
2.029745702607364706e+02 1.868345527165493820e+02 1.745717258627447279e+02
1.806265141193377985e+02 1.622058922338976004e+02 1.527675861811530638e+02
1.852231377965247532e+02 1.669082942944064030e+02 1.550075216036133554e+02
1.732029619813733063e+02 1.545971276059650279e+02 1.447506859030590363e+02
1.442287276731555323e+02 1.264675992459732328e+02 1.238529461169488002e+02
1.449135855465760869e+02 1.272524683178110791e+02 1.252020474439612485e+02
1.434708187909442074e+02 1.258460497583008220e+02 1.229037496033893859e+02
1.350407622389369067e+02 1.191023255379906374e+02 1.183007708243901561e+02
1.516763844043375116e+02 1.333047555945426268e+02 1.303552884525653610e+02
1.524244946714197795e+02 1.350782302767875365e+02 1.322063495026036435e+02
1.427499766699639849e+02 1.273080497956288895e+02 1.285395304130349530e+02
1.482046230799380453e+02 1.319282368091976423e+02 1.312708430541816824e+02
1.425771757591593598e+02 1.271581029881110112e+02 1.282987924373355213e+02
1.348921872375370867e+02 1.223362324791429501e+02 1.254291140185520419e+02
1.412917001063849511e+02 1.270761119095167828e+02 1.280704287127419434e+02
1.388732992403740241e+02 1.256188711995371250e+02 1.274520614419828632e+02
1.411571977827133821e+02 1.271901117975326088e+02 1.272827693685959076e+02
1.396836913716194886e+02 1.261956736781201585e+02 1.264945407715709536e+02
1.337012262266933078e+02 1.221824408816887200e+02 1.260872729987495120e+02
1.332081225853412718e+02 1.219655182067601089e+02 1.261537449373821858e+02
1.357583288228597098e+02 1.232704604415909273e+02 1.255056085406595798e+02
1.391254782657384510e+02 1.255253924112058854e+02 1.259675712499300033e+02
1.367518244088169013e+02 1.240999552063308329e+02 1.253910860598368799e+02
1.359714253718807697e+02 1.237178932044271136e+02 1.254466488736258611e+02
1.403664682058269193e+02 1.267201142238563563e+02 1.261620317661770514e+02
1.411596334384740317e+02 1.270492730360775653e+02 1.259920771197670746e+02
1.387026820209410403e+02 1.254190074469475036e+02 1.251532316765897122e+02
1.404443065380093003e+02 1.267690886354728548e+02 1.252771514959219132e+02
1.409746635808805593e+02 1.270542096716997378e+02 1.245720618152634387e+02
1.403553351126374196e+02 1.264295339592004268e+02 1.239202206088206140e+02
1.391586629089755434e+02 1.255718938390040904e+02 1.236525224434946466e+02
1.420587730267455413e+02 1.278123798503144855e+02 1.246827208421209860e+02
1.453959480393437786e+02 1.304263424102726674e+02 1.257682300901472559e+02
1.418944549170383880e+02 1.277343922059015711e+02 1.241231825901939203e+02
1.439363369977043305e+02 1.292691632915881144e+02 1.246783907874353758e+02
1.701748352899456904e+02 1.524855260456522217e+02 1.410465854159278933e+02
2.093840030609007385e+02 1.948120625618246038e+02 1.781382444614494602e+02
2.201100804419642145e+02 2.075293491853151409e+02 1.905984527520110419e+02
2.106315534071184743e+02 1.965188973291774630e+02 1.797076466526064280e+02
2.058211052837865509e+02 1.908971052091304443e+02 1.734706228186416297e+02
2.185297971220067552e+02 2.053445286399522161e+02 1.862195916310494681e+02
2.211153810261482988e+02 2.074296272793445155e+02 1.872470370854252621e+02
2.256950111050971373e+02 2.122930905765318528e+02 1.912371171541088870e+02
2.325590063271057772e+02 2.199794229082289689e+02 1.984037682674182008e+02
2.353967319285540896e+02 2.213559883536460120e+02 1.979012299594990623e+02
2.344769312603818605e+02 2.178741204576419932e+02 1.907089811306668707e+02
2.040867317419138089e+02 1.800749267436868877e+02 1.525176375072323083e+02
2.077437615483678428e+02 1.843314731517945404e+02 1.556132159988055150e+02
2.121049944941115086e+02 1.903279269863192553e+02 1.615448683252766955e+02
2.009196980160137400e+02 1.775842774221243303e+02 1.491872468691091740e+02
1.973100655107411399e+02 1.742957595326527098e+02 1.474431493682226346e+02
1.800996379178409370e+02 1.550563560350137209e+02 1.283358591985665953e+02
1.789763526754885277e+02 1.542615483678306703e+02 1.287005263256126568e+02
1.873636779335187157e+02 1.636582989604135889e+02 1.373493999514735151e+02
1.751102017581515042e+02 1.516620037701338219e+02 1.282008996061889832e+02
1.674415815898019844e+02 1.486212975232833742e+02 1.302604751861736929e+02
1.540399690177121670e+02 1.366960469586965132e+02 1.211215868157300406e+02
1.440711192818081656e+02 1.278269471248063667e+02 1.146613691931540302e+02
1.385944959779018006e+02 1.233038597211594123e+02 1.112750051326079301e+02
1.448390974075663848e+02 1.298367457399354237e+02 1.177434722559211622e+02
1.449696709531719421e+02 1.290147072547080143e+02 1.175645775397077273e+02
1.458369417122380014e+02 1.303229156945818374e+02 1.190321301256089157e+02
1.505456802105302359e+02 1.344266223707049335e+02 1.232800350883741771e+02
1.495320648015080565e+02 1.335910617965994049e+02 1.224499057466544798e+02
1.497654678138823101e+02 1.339355344444651905e+02 1.229421695067097176e+02
1.494924970604154737e+02 1.337378730472759969e+02 1.226276432930812490e+02
1.370353030105078460e+02 1.230506448421956378e+02 1.143776292950596343e+02
1.287433882677914880e+02 1.164079023498012333e+02 1.089768846003098162e+02
1.268334235428059458e+02 1.149218257152989082e+02 1.078794210418260917e+02
1.341935086507773462e+02 1.217557251908396978e+02 1.134867858675973764e+02
1.241386737341122455e+02 1.122697605405102763e+02 1.058452752011049114e+02
1.184818025719031738e+02 1.059348905354709842e+02 9.969461916049198180e+01
1.418800929468634990e+02 1.281860710352936792e+02 1.186328038970492145e+02
1.317969073704249752e+02 1.179589018085443968e+02 1.094702215420220597e+02
1.551563579014166123e+02 1.406770656413893619e+02 1.301255155937960808e+02
1.680434031990145343e+02 1.529415629257731553e+02 1.403802049310364168e+02
1.690521752925586441e+02 1.535324287500699825e+02 1.401448608596651582e+02
1.959410589969950820e+02 1.809386140092200321e+02 1.648065753373523137e+02
2.102029153213012478e+02 1.946774015939080584e+02 1.751991638515089846e+02
2.054995613953227860e+02 1.900386998637525835e+02 1.713177924186715018e+02
2.144124563728326507e+02 1.996227999776031652e+02 1.800902312473170355e+02
2.149331174527333417e+02 1.984145094160025451e+02 1.760163403572295238e+02
2.102709363743257711e+02 1.921953937176878924e+02 1.689741036600160555e+02
2.069861699546464138e+02 1.893980477425857032e+02 1.670715298904421502e+02
1.986572071147277825e+02 1.816546594747942152e+02 1.604276022322178505e+02
2.033431475018197432e+02 1.852316019335933959e+02 1.627924093394800309e+02
2.004629239067545257e+02 1.811855204464435758e+02 1.580508874745702599e+02
2.013644058306425961e+02 1.824871218201161014e+02 1.597819481513279527e+02
2.015827283077325092e+02 1.811446555553481801e+02 1.564817092517590709e+02
1.997391515332499807e+02 1.798097388902368436e+02 1.562756117135444924e+02
1.985010358535993475e+02 1.793567442468131219e+02 1.565580731256649187e+02
1.983119879057093158e+02 1.775200824950073581e+02 1.529740663319584257e+02
1.965034808413744258e+02 1.749523600664439300e+02 1.504628865786968674e+02
1.971198883891076719e+02 1.749060639429627315e+02 1.494442972059949000e+02
1.974857593460124292e+02 1.751461113495959125e+02 1.499224602922786858e+02
1.946052184624573158e+02 1.714995893913660154e+02 1.460770731070008708e+02
1.826219600963063954e+02 1.581559939528546579e+02 1.324045988167005703e+02
1.737064241587189031e+02 1.482103995968569734e+02 1.235968943056048062e+02
1.720946266261035191e+02 1.465066910543309859e+02 1.220905765318501608e+02
1.540450549655648729e+02 1.285464081076541163e+02 1.084467888538419942e+02
1.414082569663487448e+02 1.174193993915526590e+02 1.033878011907650318e+02
1.349404990761305783e+02 1.123294294406390605e+02 1.015074656115269107e+02
1.296928460777543535e+02 1.084126150170775844e+02 9.986799865618992555e+01
1.291326825808619105e+02 1.082691726236025289e+02 9.981005617872673952e+01
1.321243677560238154e+02 1.120622818641631966e+02 1.053543365870956876e+02
1.355824390152858427e+02 1.151735848000149360e+02 1.091155863304652911e+02
1.358896022695459180e+02 1.155621325519326632e+02 1.095434591911009932e+02
1.310318221691334202e+02 1.124669833330222701e+02 1.101063196401575226e+02
1.238197614737117220e+02 1.066918848802702513e+02 1.065554321655872627e+02
1.457369771738927682e+02 1.265611246943765309e+02 1.261898598331435863e+02
2.439433826685828421e+02 2.429492991657179175e+02 2.387903096362380779e+02
2.052294928983370426e+02 1.887349707907949039e+02 1.877177905522686103e+02
2.396561059370275757e+02 2.312386569364863078e+02 2.259505683196774726e+02
2.118638272457492633e+02 1.942872394034976367e+02 1.923180910431325685e+02
2.087940517740159407e+02 1.917263480094813133e+02 1.910498796170141418e+02
2.200304596950297764e+02 2.065992646372646107e+02 2.033651337277664766e+02
1.865648481681255646e+02 1.672107635454189278e+02 1.688327423057541239e+02
1.969851341010470662e+02 1.803167379010433251e+02 1.814555422833572891e+02
1.843116332891617901e+02 1.666261315067470434e+02 1.677022900763358848e+02
1.731593628100561659e+02 1.549672726254689223e+02 1.562590380559547611e+02
1.852711603426715783e+02 1.695142219899587417e+02 1.688956774109259129e+02
1.524547024020605193e+02 1.349244946714197795e+02 1.377172679594617364e+02
1.608445846320386750e+02 1.450600981727915837e+02 1.462887791858750575e+02
1.573419063439033891e+02 1.416346516359021166e+02 1.436067769088635373e+02
1.346652513111480118e+02 1.185449616454207842e+02 1.221659325481998479e+02
1.336285111704212341e+02 1.184241680509154691e+02 1.219575486664551391e+02
1.226412120420313983e+02 1.072897963754456043e+02 1.119113738591612446e+02
1.320734056253382960e+02 1.175698687918774112e+02 1.204142387875846936e+02
1.432882845891114130e+02 1.292516377685287239e+02 1.297183224770899130e+02
1.356497881632729161e+02 1.212587860915657245e+02 1.230321581216521452e+02
1.159099460609567132e+02 1.010000186640288149e+02 1.047492674368689194e+02
1.067800164243453622e+02 9.260455588943429461e+01 9.697293715821497528e+01
9.116735101438996480e+01 7.868105974355624710e+01 8.586054237667742939e+01
8.320854252598965672e+01 7.232146923234849112e+01 8.024950073722914112e+01
7.610608633979731508e+01 6.723439220590157106e+01 7.632514604602549468e+01
6.692531588868773440e+01 6.043922992217100187e+01 7.277661957110062474e+01
6.318301013456764537e+01 5.767360346404375093e+01 7.048407958341887536e+01
6.333649377554638704e+01 5.802386196084286496e+01 7.015834562048563328e+01
6.143679426641034524e+01 5.704179809253625422e+01 7.006562272532148938e+01
6.135801340077269117e+01 5.758214039082476177e+01 7.210462121353515386e+01
6.685393531047611759e+01 6.206614531812837043e+01 7.742571716530730441e+01
6.790088467496593694e+01 6.323973011814329936e+01 8.021536422852237536e+01
6.739221523358031618e+01 6.338101681628996431e+01 8.168110640362829145e+01
7.350318221691334486e+01 6.966395416114522732e+01 8.943868866533530593e+01
8.244001381138131990e+01 7.596838313518355790e+01 9.385734149573526963e+01
9.368756415759905565e+01 8.335144366262900917e+01 9.699573526941524904e+01
1.129104033296627421e+02 9.893594505309916087e+01 1.067818828272270792e+02
1.563739058213105864e+02 1.424403404318856303e+02 1.453192295488904335e+02
1.699094141361354389e+02 1.550053845723137727e+02 1.526744246813117059e+02
1.122155975288825829e+02 9.836001978387054123e+01 9.842039791709439100e+01
8.127877526642900818e+01 6.970720804792922820e+01 7.139256051811344150e+01
7.226379738330315661e+01 6.156787174079396863e+01 6.196699266503667758e+01
7.630826443196028208e+01 6.563059220963437213e+01 6.561915115996939107e+01
8.018989716120121614e+01 6.868761081767109999e+01 6.819024244573434146e+01
1.361878067899736777e+02 1.185222288583213555e+02 1.186317307153922229e+02
2.210165923216185320e+02 2.127019261277739304e+02 2.094904440172455509e+02
1.995939267250228681e+02 1.878051195431045812e+02 1.899299072397767816e+02
1.905495809925530466e+02 1.742442094850594572e+02 1.777178745403982987e+02
1.668252486981839979e+02 1.476978107094197412e+02 1.535024729838182793e+02
1.509195113757255626e+02 1.335652681087739495e+02 1.416885906791840171e+02
1.494893894996173742e+02 1.320372254054760219e+02 1.398981970548162508e+02
1.515975008865413827e+02 1.357447600739095606e+02 1.419673752776274398e+02
1.441768696690867557e+02 1.280172828906847826e+02 1.345132981205323119e+02
1.375331099871218328e+02 1.211678829392112533e+02 1.276019242613710531e+02
1.139548330502622235e+02 1.007437895444110580e+02 1.101645700740961900e+02
8.170997965620858849e+01 7.406715317568450985e+01 8.643466656712517704e+01
8.318143302413258766e+01 7.591394949513802715e+01 8.982511804998226523e+01
6.665988540286306829e+01 6.434853207413351583e+01 8.123090203251274488e+01
5.452277944717146596e+01 5.308460404262864074e+01 6.571440303103827318e+01
5.546828981503947631e+01 5.614347972153269239e+01 7.155685063177737959e+01
5.013153474308964519e+01 5.604984228895649068e+01 7.619217417271691772e+01
5.398469549636984510e+01 5.803705742921667365e+01 7.477253214878963661e+01
5.643085910524645499e+01 7.440108064726851467e+01 1.096028294667686964e+02
3.303110360402396140e+01 9.073125664906027055e+01 1.614234214897627737e+02
7.700600981727916405e+01 8.991015136527370544e+01 1.283439127270012534e+02
3.642389742249761753e+01 3.380399970137553822e+01 3.960652494447451488e+01
3.471277926053117824e+01 3.607860355736389124e+01 4.226568245021370274e+01
7.241088859441198622e+01 6.428362791392149234e+01 6.699860019783871223e+01
1.030565986673883430e+02 8.839178596091751672e+01 9.365022676795013012e+01
1.335982194516508343e+02 1.190657067134511635e+02 1.218643311745273365e+02
8.505183934003994750e+01 7.745645682076933269e+01 8.422286716810690166e+01
5.818957987271132026e+01 5.928904048227850154e+01 7.218961720076896427e+01
5.781948151327945595e+01 5.698502211687414842e+01 6.356402695085760968e+01
7.485691222307247017e+01 7.049320629351051082e+01 7.606603333395547395e+01
1.483086470445510372e+02 1.345083334888668958e+02 1.356140372160734557e+02
1.715700554321655886e+02 1.642260307209914458e+02 1.776545008305492956e+02
1.771697400100785842e+02 1.674880550215569599e+02 1.787412419044775049e+02
1.386365460348270915e+02 1.276113309318949547e+02 1.314251199163851425e+02
8.255181134399671805e+01 7.352307807163253983e+01 7.685576438530020482e+01
5.916843352806136380e+01 4.907058735698687713e+01 5.003744937382183622e+01
7.094733944269209758e+01 6.351429664607402259e+01 6.660436924914611723e+01
1.399458929804587513e+02 1.297169786670150700e+02 1.299014819238880989e+02
1.659713320517366810e+02 1.557908508930737810e+02 1.598869986375258918e+02
1.706200843614102496e+02 1.619079770059165071e+02 1.659058866346889545e+02
1.177311446648873670e+02 1.076158196308255128e+02 1.161856977547173386e+02
8.313708729166278033e+01 6.872757983538326698e+01 7.329674872618002723e+01
9.252341402415125060e+01 7.923334702028779475e+01 8.349154519494578608e+01
1.310553201814143733e+02 1.231178260139233629e+02 1.322686033707236106e+02
1.875011665018010660e+02 1.774235521379644922e+02 1.809214617667369680e+02
1.925314302245282647e+02 1.810977528509303909e+02 1.844836596427704762e+02
1.304188488027025414e+02 1.245757199649116274e+02 1.414561488642938514e+02
1.225014837902909761e+02 1.084227589167397667e+02 1.126809757554265730e+02
1.147805203531234213e+02 1.110125888874372464e+02 1.257506579070158068e+02
1.488610836335131182e+02 1.402580395304130434e+02 1.472992030459695059e+02
1.511645234140241598e+02 1.428189029283861089e+02 1.515029209205098937e+02
1.188241661845125918e+02 1.153275443737285144e+02 1.349343119505776656e+02
1.162310420127288637e+02 1.131769256611732146e+02 1.328464230388771625e+02
1.061575617312753081e+02 1.051090259243360236e+02 1.270019130629537756e+02
1.119344985908658288e+02 1.092943317344481926e+02 1.283828458911140444e+02
1.262370331659792129e+02 1.205773997275051812e+02 1.349237667742958990e+02
1.253505384572313801e+02 1.194976110043113948e+02 1.332513858041396873e+02
1.440201944791802759e+02 1.362379850314488863e+02 1.454921797719255778e+02
1.602087291662778341e+02 1.492546613411971066e+02 1.567147016554993684e+02
1.885701300882808482e+02 1.731660538643871803e+02 1.805595662479702810e+02
2.011472778513970070e+02 1.886474924877284138e+02 2.022334590044607125e+02
1.814538998488213792e+02 1.704499524067265099e+02 1.771454021165008612e+02
1.725324194180555821e+02 1.632787192743425635e+02 1.718215905485357951e+02
1.684423001549114360e+02 1.579947834039455756e+02 1.648162992963661111e+02
1.664618040650254898e+02 1.530181507680247819e+02 1.589712387315925923e+02
1.302409526120308385e+02 1.188985983314358208e+02 1.257073107000877172e+02
1.088327609697829388e+02 1.002636853991302530e+02 1.072897963754456043e+02
1.025688329382780637e+02 9.421522424830624232e+01 1.014394912185744460e+02
5.209158438940630020e+01 5.251498721514025902e+01 6.843503051568711726e+01
5.020084361410253848e+01 5.119879990294705152e+01 6.729373448552604486e+01
5.521871442169506849e+01 5.639650796020828949e+01 7.372040351630302268e+01
5.638944362530095589e+01 5.773776106310307910e+01 7.627892457865955578e+01
6.947834972657197738e+01 6.352771608279363136e+01 7.469333134250359763e+01
6.667855876369472412e+01 6.423198454618413678e+01 8.058085257283637759e+01
6.842176039119804898e+01 6.847210660893260581e+01 8.959215364228522560e+01
8.349395285466320615e+01 7.376394669553370420e+01 8.477100169842661614e+01
8.763085350603780910e+01 8.035156497881632731e+01 9.538885570839320849e+01
7.695105358442673094e+01 7.599039735717352073e+01 9.889163664868698334e+01
8.819004647343174952e+01 7.982190783702570513e+01 9.332036805464827012e+01
9.153801862670076162e+01 8.314479553556431313e+01 9.756581869762406711e+01
8.079089755314582533e+01 7.935497116407547935e+01 1.023209373075272026e+02
8.769097967487262224e+01 8.080868437260866699e+01 9.635737882379289942e+01
9.188618675227235144e+01 8.316735101438996480e+01 9.735669758674107754e+01
8.164350771757591474e+01 7.982878553164485425e+01 1.026496761791000267e+02
8.552706284178502472e+01 8.001229026297616542e+01 9.755634670299930633e+01
9.112153082364359591e+01 8.257395621418839937e+01 9.649747102409526178e+01
8.305451762817521910e+01 8.067569383527127513e+01 1.028327516377685242e+02
8.513289721719330316e+01 8.028853655350043539e+01 9.880602474850221029e+01
9.061643554377647547e+01 8.222997816308628671e+01 9.682537001437130186e+01
8.322322178465444154e+01 8.041632915881221777e+01 1.025447190130461621e+02
8.389504283394613537e+01 7.977245749267436281e+01 9.975338285522312276e+01
9.021653073032344139e+01 8.187580955224994739e+01 9.674203512570223040e+01
8.467224098994009296e+01 8.107348961346797012e+01 1.024574646783254650e+02
8.366417812949103450e+01 7.987640680117209513e+01 1.007532988670934486e+02
8.950139980216128777e+01 8.175608913940163802e+01 9.727257880886168095e+01
8.550828682879486564e+01 8.111637021967561623e+01 1.022073946882174056e+02
8.358356818902927898e+01 7.987827320405382636e+01 1.011373392560518170e+02
8.870960637563224793e+01 8.098961346796319560e+01 9.716796692734094165e+01
8.578389854233934386e+01 8.090884488325650636e+01 1.015640549469008391e+02
8.332380223595065161e+01 7.961637955169003078e+01 1.013510237219806243e+02
8.842571716530730441e+01 8.091612385449522549e+01 9.761214281714850927e+01
8.644611694880457264e+01 8.101096511693013724e+01 1.013559883536460120e+02
8.357429216670711014e+01 7.954039829037496645e+01 1.016553967039325101e+02
8.834930663132944062e+01 8.093598238115679067e+01 9.795332126392803218e+01
8.724023404692137262e+01 8.116333824819425047e+01 1.007288676533716512e+02
8.364231321973160505e+01 7.949716306761978046e+01 1.016092218966386014e+02
8.791436010377199750e+01 8.073060340805166391e+01 9.851008790757572342e+01
8.731392896470632081e+01 8.110483584986654648e+01 1.008190895686743005e+02
8.425791821422572525e+01 7.965651654566154605e+01 1.016793053248474195e+02
8.806306575337352172e+01 8.083597118273951310e+01 9.922999682711510161e+01
8.736509639970884677e+01 8.103799996267194672e+01 1.010382892551186131e+02
8.475943000055991661e+01 7.998265178521435814e+01 1.019284421135146204e+02
8.855150338752123673e+01 8.099855353776666789e+01 9.914220123555870146e+01
8.675003266205042962e+01 8.065027342802217447e+01 1.006896545288265941e+02
8.500638309785550462e+01 7.998435954385114144e+01 1.018147595139886903e+02
8.879123350566453610e+01 8.102925586517105216e+01 9.900220235540044200e+01
8.707600925735829378e+01 8.038585079975364067e+01 1.005511487709736969e+02
8.462106422292316665e+01 7.959811679949234531e+01 1.020546016163048932e+02
8.871131413426901702e+01 8.079799921611079583e+01 9.917238097015621179e+01
8.796548087870247912e+01 8.088196868175964482e+01 1.009052427256947624e+02
8.498295040967543912e+01 7.951188898635659541e+01 1.015547415965210263e+02
8.828564362903375695e+01 8.045985367401407018e+01 9.915453815860691122e+01
8.710220422180331923e+01 8.038296720730136258e+01 1.010129248399559572e+02
8.583323690251778260e+01 8.011609959125776470e+01 1.018759588644804808e+02
8.833610183094123158e+01 8.057940611060303127e+01 9.921954497097743797e+01
8.719137161947777770e+01 8.009152839731984841e+01 1.001578883517796186e+02
8.551230892700498032e+01 7.955984620840254706e+01 1.009435973049142348e+02
8.776278952574702430e+01 8.026308815020810528e+01 9.946028294667686964e+01
8.688267791485469616e+01 7.989458556524010646e+01 1.002237910375333598e+02
8.597067881072808859e+01 7.980842307620523002e+01 1.009615800966796684e+02
8.777688086750406171e+01 8.027729147613803207e+01 9.979645943373336081e+01
8.720054498964145751e+01 8.001054517628175233e+01 1.001797812575822633e+02
8.621262061628623030e+01 7.969219283674574683e+01 1.008547658597584871e+02
8.746782321431903995e+01 8.019530039754381789e+01 1.000182534201832851e+02
8.739312043897795945e+01 8.022009555982754136e+01 1.000701674163384922e+02
8.676538382575262176e+01 8.000097986151290286e+01 1.005904272196196274e+02
8.725587450307023119e+01 8.007601858937270833e+01 1.001021575617312749e+02
8.671096884973590591e+01 8.002344202019448005e+01 1.004169357397487801e+02
8.689504283394613537e+01 8.000747494354131106e+01 1.004292073386961306e+02
8.737383116519531256e+01 8.013031224920210605e+01 9.992892737826387872e+01
8.733935870396983603e+01 8.012297728587692802e+01 9.994227215886820659e+01
8.699766699639783951e+01 7.992929132682580473e+01 1.002686873588532848e+02
8.679805520819724052e+01 7.977474383620447895e+01 1.002261520371787498e+02
8.679882043337875075e+01 7.981913622874633063e+01 1.001380858172044981e+02
8.710808339088075058e+01 7.981439556542675007e+01 1.000788928498105577e+02
8.714229455570279015e+01 7.987146083353552228e+01 9.991360421060490182e+01
8.675935534444465702e+01 7.974252972246588911e+01 1.001970828122958608e+02
8.735314208925139212e+01 7.992278691278299618e+01 9.984898001082513019e+01
8.674474140988073145e+01 7.972219526306948012e+01 1.002072640400156729e+02
8.667097183598050947e+01 7.968828272270852153e+01 1.003254633345153906e+02
8.765966143451726111e+01 7.993724220310195960e+01 9.971951697493420852e+01
8.710616099591257466e+01 7.985715485544709225e+01 9.985272214860299300e+01
8.630321581216522020e+01 7.950545922842904645e+01 1.003828458911140586e+02
8.691831687788125294e+01 7.969173556803971792e+01 1.000937400847346908e+02
8.697367438735325607e+01 7.974098994008846830e+01 9.997407566397282608e+01
8.653487373784504655e+01 7.966820955971556373e+01 1.002713376509453269e+02
8.742895537430709396e+01 7.993895929375314324e+01 9.971282592060322258e+01
8.745047499953339809e+01 7.983515929748595852e+01 9.959835943186696738e+01
8.616303962373318370e+01 7.951931726982586213e+01 1.003889117004796674e+02
8.687071427238284116e+01 7.975833815487411016e+01 9.994391459340413064e+01
8.749725638776386916e+01 7.983319024244573825e+01 9.953659082849624440e+01
8.650837081692453978e+01 7.948707516004404283e+01 1.003071352582168316e+02
8.705561880587544010e+01 7.960156031280912714e+01 9.994349465275574573e+01
8.726548647791112501e+01 7.964775378413183660e+01 9.969422721588682634e+01
8.608564922824240284e+01 7.930832975606114132e+01 1.004883069859459823e+02
8.683960133634445810e+01 7.955927695552361456e+01 1.000902779073890940e+02
8.743727953115958940e+01 7.972422964221057384e+01 9.944013512756863804e+01
8.619268743350939133e+01 7.934115045073629346e+01 1.003693984583512133e+02
8.701447395434779253e+01 7.962352787472704563e+01 9.986548834431400223e+01
8.704252598966013466e+01 7.963940163123611171e+01 9.970806659325481291e+01
8.600086787733999927e+01 7.936420052632561806e+01 1.004599376621437443e+02
8.685818137703203945e+01 7.969001847738853428e+01 9.995201478191081890e+01
8.726197764049348393e+01 7.982688180070549322e+01 9.960829802721215742e+01
8.568711622090744129e+01 7.932713376509452985e+01 1.007016648313704934e+02
8.735694955113009996e+01 7.987131152130498890e+01 9.959812613150674565e+01
8.655905298717780738e+01 7.961305735456055288e+01 1.001333171578416881e+02
8.555786782134791224e+01 7.941623583866812908e+01 1.007982698445286331e+02
8.743576774482539804e+01 7.999214244386793382e+01 9.962247335709886897e+01
8.708536926781015097e+01 7.993421863043356268e+01 9.980569812799791407e+01
8.517001063849642151e+01 7.934118777879393747e+01 1.010374867018794731e+02
8.710846600347150570e+01 8.002012915507941671e+01 9.988032624722372077e+01
8.688761455047686866e+01 7.998104667873607809e+01 1.001394762873513855e+02
8.566043599171317169e+01 7.961542768622034316e+01 1.008298680453162603e+02
8.697267586181152410e+01 8.004339386700013392e+01 1.000395210810205526e+02
8.692031392896470265e+01 7.989957819294872365e+01 1.000166109856473611e+02
8.527310140166856911e+01 7.932362492767688877e+01 1.010343231489949432e+02
8.679777524776498865e+01 7.994686350995725377e+01 1.002005543216558721e+02
8.711343996715130800e+01 8.008345620485637539e+01 9.987556691987532531e+01
8.563843110173762341e+01 7.959746355848373867e+01 1.008111293603837311e+02
8.679919371395509131e+01 7.996110416394482456e+01 1.002364079210138357e+02
8.700698034677765236e+01 7.998413557550533426e+01 1.001046118815207393e+02
8.577785139700255002e+01 7.960955784915731215e+01 1.009331921088486155e+02
8.686954777058176091e+01 7.997068814274248894e+01 1.002243696224266927e+02
8.702033445939640899e+01 7.993044849661248463e+01 9.996598480748053817e+01
8.586816663244927383e+01 7.955635603501372088e+01 1.008572388435767806e+02
8.684675899139588751e+01 7.988723193788611354e+01 1.002556132066667942e+02
8.664493551578043196e+01 7.986129826984452507e+01 1.003309785550308959e+02
8.609306817969726922e+01 7.963052688553351288e+01 1.008130330913230921e+02
8.719557102596166942e+01 7.996297056682655580e+01 1.001805838108214033e+02
8.684972657197782553e+01 7.995936840926482603e+01 1.004505496556486719e+02
8.607519737210473920e+01 7.970359655835308388e+01 1.008496145878049219e+02
8.675922469624292432e+01 7.978946975494130811e+01 1.003479441572257826e+02
8.620694675152579123e+01 7.959348812034565412e+01 1.006082140390824833e+02
8.692864741783161264e+01 7.970112357453480456e+01 1.002102316205976251e+02
8.655030888967692704e+01 7.967228765001213731e+01 1.004737583754829302e+02
8.573433621381511216e+01 7.941929673939417000e+01 1.010057485208757129e+02
8.721407641053397697e+01 7.994034043188563032e+01 1.001246197204128521e+02
8.681299576326546230e+01 7.981183859347878240e+01 1.004823251647100477e+02
8.571933033464603113e+01 7.954437372851303678e+01 1.010607327497713612e+02
8.694294406390562813e+01 7.996390376826741431e+01 1.002043524515201796e+02
8.671303122492021487e+01 7.985290878889117039e+01 1.004577633027865460e+02
8.581995744601429976e+01 7.954626812743798325e+01 1.010579518094776006e+02
8.681410627298008365e+01 7.980509154706135178e+01 1.004063625674237983e+02
8.672887698538606571e+01 7.997946956830101328e+01 1.003724126990052099e+02
8.561616491535862394e+01 7.968973851695626820e+01 1.010138487093824011e+02
8.652641893279083263e+01 7.990837828253606290e+01 1.005301610705686954e+02
8.679380914164131866e+01 7.998629127083371770e+01 1.004071931167061678e+02
8.596258795423580068e+01 7.963118012654211952e+01 1.010915563933630779e+02
8.642559584911998627e+01 7.987371918102240897e+01 1.007151682562197834e+02
8.689441758898075818e+01 8.007324698109333383e+01 1.002992497060415502e+02
8.608991395882715381e+01 7.988612142817149220e+01 1.007721122081412517e+02
8.650119449784430969e+01 8.001033987196476005e+01 1.005923962746598477e+02
8.690131394762873640e+01 8.000549655648667624e+01 1.003414677392261893e+02
8.604404710800874057e+01 7.977158028331996320e+01 1.009975083521528916e+02
8.649316896545288103e+01 7.986345396517292272e+01 1.006427331603800042e+02
8.678261072435095969e+01 7.999034136508706183e+01 1.003945575691968912e+02
8.579406110603034108e+01 7.969701748819500153e+01 1.010812071893839033e+02
8.650126915395956928e+01 7.986121428171485093e+01 1.008460684223296511e+02
8.704434573246980733e+01 8.003346460366934423e+01 1.005092573582933682e+02
8.625605181134399402e+01 7.981308908340955099e+01 1.011319920117956599e+02
8.650182907482408723e+01 7.989771179006700663e+01 1.010915004012766190e+02
8.711124694376528055e+01 8.002919987308460747e+01 1.006862296795386271e+02
8.623323503611489116e+01 7.989347505552548512e+01 1.011531476884600380e+02
8.637087291662778910e+01 7.996983892943130456e+01 1.010095839787976644e+02
8.657344295339592577e+01 8.005671065156124655e+01 1.008290748240915349e+02
8.604568954254465041e+01 7.986868922525616199e+01 1.011075234700162326e+02
8.611819929449971767e+01 7.985342204968364399e+01 1.010362828720207489e+02
8.655349110659027190e+01 8.002728681013083190e+01 1.007764422628268477e+02
8.601113309318949973e+01 7.986833460870863632e+01 1.010775583717501291e+02
8.618326209895667489e+01 7.998517142910468181e+01 1.007228205080348573e+02
8.647703391254036376e+01 8.013337314992814697e+01 1.005008772093544138e+02
8.607268706022881588e+01 8.004973030478359419e+01 1.008056607999402701e+02
8.642891804624946417e+01 8.015855092480262556e+01 1.006095298531140969e+02
8.682172119673752775e+01 8.029887642546519544e+01 1.003880531551540685e+02
8.618418596838313306e+01 8.001131040146326256e+01 1.008279083222904546e+02
8.615082401687227787e+01 8.007512271598947962e+01 1.008231583269564595e+02
8.649637917840945533e+01 8.006118068646297559e+01 1.006691800892140520e+02
8.624900614046548242e+01 7.997850837081692532e+01 1.008733738964892979e+02
8.649482073200320542e+01 8.006707851956923605e+01 1.006584856007017663e+02
8.653189682524869397e+01 8.010463054554956841e+01 1.006188805315515395e+02
8.611895518766681334e+01 7.994175889807573299e+01 1.009121297523283403e+02
8.624730771384311367e+01 7.987155415367961098e+01 1.008165699247839626e+02
8.652530842307621128e+01 7.995422646932567545e+01 1.006201870135687528e+02
8.631556206722783031e+01 7.998246514492618076e+01 1.007249668713488546e+02
8.636933313425035408e+01 7.995791261501707936e+01 1.006880587543627144e+02
8.630853506037813361e+01 8.001179566621250672e+01 1.007160268015453823e+02
8.586676683028798607e+01 7.987070494036842661e+01 1.009836129826984461e+02
8.600105451762817665e+01 7.989859833143582080e+01 1.008102428190149169e+02
8.648639392299222095e+01 8.008753429515294897e+01 1.003911793799809686e+02
8.608092722895163718e+01 7.995319061572631369e+01 1.007011515705780198e+02
8.621169674685977213e+01 8.008331622464025656e+01 1.005543776479590861e+02
8.600836148491013944e+01 8.000423673454152151e+01 1.007356426958323254e+02
8.576967655238060217e+01 7.997517684167304708e+01 1.009316056663991503e+02
8.600922936225013871e+01 8.017646839246719992e+01 1.005572239123537202e+02
8.609274155919297300e+01 8.012122286716810038e+01 1.005009425334552731e+02
8.582917747625002391e+01 8.009517721495362252e+01 1.005767744825398040e+02
8.582802963847775857e+01 8.008493999514735151e+01 1.004468355139140385e+02
8.594969111032307296e+01 8.003604957166054135e+01 1.005862744732077800e+02
8.583323690251778260e+01 7.994511842326284068e+01 1.007070400716698657e+02
8.612664476753951703e+01 8.001119841729035898e+01 1.002010395864051162e+02
8.579005767184904130e+01 7.986111162955636189e+01 1.001696840179921253e+02
8.525718098508744447e+01 7.944183355419100678e+01 9.954882509938595092e+01
8.357529069224882790e+01 7.819921051158102898e+01 9.816015603128090561e+01
8.401663898169059053e+01 7.873816233972264911e+01 9.875064857500140647e+01
8.473506411093899260e+01 7.907561731275312411e+01 9.894416655779316727e+01
9.821842512924840207e+01 7.628065100132513976e+01 8.036019709214430407e+01
8.496216801358741577e+01 7.058941936206349510e+01 7.751191698239982486e+01
1.218904048227850438e+02 1.014424401351275691e+02 9.912775527725415259e+01
1.199768099441945566e+02 1.017588047555945394e+02 9.588576681162395232e+01
8.700906138599077622e+01 7.847509285354337294e+01 9.246200003732805328e+01
8.776255622538681678e+01 7.719619627092704661e+01 9.462703671214468670e+01
1.209358983930271165e+02 1.088867093450792254e+02 1.241499094794602343e+02
1.598160379999626741e+02 1.529676925661173357e+02 1.713430915097332843e+02
2.043088150208103855e+02 1.936261035107038140e+02 2.034317736426584986e+02
2.061459340413221639e+02 1.980280147072546981e+02 2.055566173314171579e+02
1.331096791653446303e+02 1.257365105731723247e+02 1.485847160268015443e+02
5.970013438100748715e+01 6.435955318315011198e+01 9.307590660519980474e+01
6.131609399204912592e+01 6.547798577801003717e+01 9.300460068310346173e+01
9.207747438362045500e+01 7.863257992870340729e+01 8.719005580544616407e+01
1.224231788573881516e+02 1.197480262789525796e+02 1.482738946228932946e+02
2.105038167938931224e+02 2.068794490378693069e+02 2.277418671494428679e+02
2.414959499057466417e+02 2.472716549394352228e+02 2.508383695104425328e+02
2.509343306146064663e+02 2.531835607234177701e+02 2.510947386102764085e+02
2.510614979749528857e+02 2.535116183579387439e+02 2.514277795404915992e+02
8.072721588682132676e+01 2.354360103772000343e+02 2.499418708822486508e+02
2.104248679519961058e+02 1.999044961645420813e+02 2.142415311969241714e+02
9.295798727113235316e+01 9.808085257283637759e+01 1.324154986095298625e+02
9.551556580003359898e+01 8.232324231508613366e+01 8.945017637507231711e+01
6.336335131301442658e+01 5.329301592041657898e+01 6.211732208514529674e+01
7.845022303514436146e+01 6.725856212321991734e+01 7.818688292054723377e+01
7.137911308535061039e+01 6.083267698165325754e+01 7.380230127475316237e+01
8.502039045148285368e+01 6.985666025868343354e+01 8.081148397693125673e+01
6.428102428190149453e+01 6.302334870005039136e+01 9.379044961645421097e+01
1.000148472349241331e+02 8.735617499393418939e+01 1.112071147277851395e+02
2.166257022340842582e+02 2.229654248866160344e+02 2.433763788051288657e+02
2.513500625244965363e+02 2.522885738815580794e+02 2.522475970062897659e+02
2.466740980608074096e+02 2.509338360178428218e+02 2.524763526754885277e+02
2.509892495194012554e+02 2.522994363463297134e+02 2.526040239646129919e+02
2.516486403255006508e+02 2.523127811269340555e+02 2.527954702402060434e+02
2.516584202766009071e+02 2.526515145859385143e+02 2.517476529983762248e+02
2.473321823848895917e+02 2.391207282704044417e+02 2.470804233001735781e+02
2.142320312062561811e+02 2.075699527800070996e+02 2.302094104033296560e+02
2.019825584650702694e+02 1.946474271636275546e+02 2.237737546426771758e+02
2.210477519177289594e+02 2.090277814068944906e+02 2.241835047313313112e+02
2.256932846824315391e+02 2.135470146885906786e+02 2.231529703801862752e+02
2.206296963362511292e+02 2.106698426622370732e+02 2.224654808787024649e+02
1.774831463819780026e+02 1.714621400175441863e+02 2.013609809813546292e+02
1.522590940480412200e+02 1.462798764441292292e+02 1.879253998768174085e+02
1.371567218499785383e+02 1.305837828253606858e+02 1.681469418988782820e+02
1.385468933724033604e+02 1.290004386046772140e+02 1.585171709065118932e+02
1.317734280221728795e+02 1.229075943933257378e+02 1.519844062039231858e+02
1.730133821086619719e+02 1.586306761977640463e+02 1.661069075570652558e+02
1.151557419884656355e+02 1.069204072491087913e+02 1.182439295246271911e+02
6.169693350006532739e+01 6.265144926183766216e+01 8.198391160715952708e+01
5.384209298419156653e+01 5.913677000317288446e+01 8.059177102969447049e+01
5.205800780156404528e+01 5.595015771104350932e+01 7.409579312790458516e+01
5.574273502678288139e+01 6.382249575393344543e+01 8.523815300770824877e+01
8.299162918307546022e+01 9.596129080423300195e+01 1.190945053099162010e+02
9.195126822075813777e+01 1.054356464286380799e+02 1.306652886392056701e+02
8.861666884413669720e+01 9.798153194348532224e+01 1.262880606207655916e+02
9.740593329476101303e+01 1.039201739487485838e+02 1.312561264674592678e+02
1.026721383377815897e+02 1.102782900016797640e+02 1.365974542264693241e+02
1.165511954310457412e+02 1.252811455980887985e+02 1.493188935963717086e+02
1.254185128501838449e+02 1.314588738125011673e+02 1.515362922040351634e+02
1.283703036637488708e+02 1.243747830306650002e+02 1.434220963437167597e+02
1.319242333750163425e+02 1.281698519942514736e+02 1.458377069374195116e+02
1.313192855409768640e+02 1.330717445267735570e+02 1.498859534519121439e+02
1.362239963418503521e+02 1.396352302207954494e+02 1.557959368409264869e+02
1.567418484854140672e+02 1.618350753093562844e+02 1.783680359842475696e+02
1.293810728083764161e+02 1.200526512252934879e+02 1.422975139513615375e+02
1.393040090333899457e+02 1.361318706956083417e+02 1.547420257936878158e+02
1.537243882864555076e+02 1.536129547024020496e+02 1.696976987252468234e+02
1.355236006644394138e+02 1.259382034005860476e+02 1.468704436439649896e+02
9.051559379607681421e+01 5.905236193284682145e+01 9.315498609529852558e+01
7.428890983407679016e+01 3.483175311222680648e+01 7.532842158308292824e+01
7.747446760857798154e+01 4.112866981466619620e+01 7.767817615110398322e+01
9.559142574516134516e+01 5.902460852199556030e+01 9.504527893391068005e+01
1.242958901808544425e+02 8.674055133541126850e+01 1.181320293398533039e+02
1.362003583493532801e+02 9.868049982269172915e+01 1.322590380559547611e+02
1.082154575486664498e+02 6.408883144515574770e+01 1.107920267268892616e+02
5.763110547042684573e+01 2.582430616472871776e+01 7.412950969596296602e+01
4.702334870005039136e+01 2.007355493756882225e+01 6.590631590735175394e+01
4.829859646503294357e+01 2.191756098471416081e+01 6.713956960749547420e+01
4.230375706900091615e+01 2.140235913324250205e+01 6.711280539017151625e+01
5.364548610463054246e+01 3.045467440601728271e+01 7.911408387614550008e+01
1.897177345601821514e+02 1.798436700946266171e+02 1.943335821870508937e+02
2.164910039381100830e+02 2.161887586554433653e+02 2.164218350473133228e+02
2.062992123779839062e+02 1.953025345751133841e+02 2.082749491405214712e+02
1.100344724612254765e+02 5.177034845741801661e+01 1.161389723585733265e+02
8.175533324623452813e+01 2.865451016256369243e+01 9.349868418596838637e+01
1.528024039269116656e+02 1.170937214207058759e+02 1.553521062356520304e+02
2.023243061647287107e+02 1.928363444633158394e+02 2.037199182515537927e+02
2.042940237779727113e+02 1.957037085425259875e+02 2.050400156777841971e+02
1.721735008118852477e+02 1.462171373112600179e+02 1.773868306612665435e+02
1.403091043132570519e+02 9.968276750219303040e+01 1.434665727243882998e+02
2.035658373616528820e+02 1.947831426491722482e+02 2.072127792605311924e+02
2.057828066966535516e+02 2.017044644356930974e+02 2.006909050187573484e+02
2.048952388062487273e+02 2.008424569327534925e+02 1.976786240877955834e+02
2.035901845872450053e+02 1.974085089307377814e+02 2.026970548162526313e+02
1.259283301293417168e+02 8.977741279232535021e+01 1.263586479777524829e+02
1.339744582765635812e+02 9.953743070979301422e+01 1.317859609175236528e+02
1.945345657813695652e+02 1.890947386102764085e+02 1.924589671326452560e+02
1.959146027361466338e+02 1.916270740402023307e+02 1.892757983538326698e+02
2.041455607607458091e+02 2.001259262024300654e+02 1.977176412400380627e+02
1.835853319397525070e+02 1.675922096343716703e+02 1.817719722279251187e+02
1.045538923832098419e+02 4.857534668433527969e+01 9.274712107355493629e+01
1.185713245861251579e+02 7.093942589447358671e+01 1.079315683383415205e+02
1.954673379495697816e+02 1.908262752197689451e+02 1.947347841505067265e+02
2.011666324492805131e+02 1.970347804177009721e+02 1.937664010153231686e+02
2.076317680434498527e+02 2.036198137329924123e+02 2.010481345303197145e+02
2.017487448440620312e+02 1.929330241325892530e+02 1.997482969073704169e+02
1.626312454506429788e+02 1.300185987047163962e+02 1.566749659381474089e+02
1.868299053733738901e+02 1.728293081244517566e+02 1.854568860934321322e+02
1.986573190989007003e+02 1.952430056552007329e+02 1.961724182982138416e+02
1.982929599283301343e+02 1.926978293734485419e+02 1.912727281210922285e+02
1.915934974523600545e+02 1.838674294033110073e+02 1.909403964239720892e+02
1.220725750760559123e+02 9.961822729054293291e+01 1.282611937512831446e+02
9.202762276264954266e+01 6.822891431344369551e+01 9.957102596166409114e+01
1.305994139494951298e+02 1.086231919222083349e+02 1.327200488997555112e+02
1.458514156665857797e+02 1.204878217211967382e+02 1.441028014707254670e+02
1.511388510423860225e+02 1.173402639093674793e+02 1.432723175124582440e+02
1.783524048601130971e+02 1.403835271281658947e+02 1.614841169114765194e+02
1.954234121577483734e+02 1.676763564082942821e+02 1.779487859049254439e+02
1.735461748072939088e+02 1.539655462028033241e+02 1.532009649302898424e+02
1.835450829616081023e+02 1.774393605703727133e+02 1.739156665857892108e+02
1.683273110733682927e+02 1.587622762649545507e+02 1.598791784094514696e+02
1.689097407566397351e+02 1.554172157001810319e+02 1.494907893017786762e+02
1.683793183896675885e+02 1.542693219358330623e+02 1.477304540958211305e+02
1.786204949700442342e+02 1.614252412325724606e+02 1.538593385468187194e+02
2.148099068664961919e+02 2.012157748371563457e+02 1.905329606748912852e+02
2.110836708411877680e+02 1.976596614345172611e+02 1.944955392971126855e+02
2.045572332443681205e+02 1.935341178446779509e+02 1.897425763825379477e+02
1.876942458799156270e+02 1.772797737919707401e+02 1.732009462662610417e+02
1.799180462494634014e+02 1.740269228615688917e+02 1.712174079396778552e+02
1.819434853207413312e+02 1.786117508725433538e+02 1.753311745273334736e+02
1.829686071035293651e+02 1.822496873775173185e+02 1.787481662591686984e+02
1.799148080404636119e+02 1.752131992011795774e+02 1.715692062188543900e+02
1.814567181171727839e+02 1.768596278392653858e+02 1.785871983426342524e+02
1.829402937718135718e+02 1.779693163366244164e+02 1.799101606972881200e+02
1.897325164710054253e+02 1.841376192164840688e+02 1.853610089773978586e+02
1.945851079714066998e+02 1.910271001698426687e+02 1.943424102726814624e+02
1.947908508930737810e+02 1.922862595419847196e+02 1.974214804307657971e+02
1.864348812034565697e+02 1.860700554321655886e+02 2.002285783609249847e+02
1.836149330894566845e+02 1.838307079266130302e+02 1.999797588607476939e+02
1.893339834636704779e+02 1.905869930383172459e+02 2.025113570615353069e+02
1.896783161313201163e+02 1.909701095578491561e+02 2.040389424961272198e+02
1.906831221187405561e+02 1.907348681386364149e+02 2.054697176132440006e+02
1.954720786128893906e+02 1.873042516657645820e+02 1.937349334627372741e+02
1.921846712331323772e+02 1.888548405158737467e+02 2.029987495100692456e+02
2.277545400250097885e+02 2.144396591948338084e+02 2.139673659456130110e+02
1.952778234009593348e+02 2.209451370872916698e+02 2.485253830791914709e+02
1.212781126934060012e+02 1.030214916291830747e+02 9.793918326209895042e+01
1.979654528826592639e+02 1.828164952686686888e+02 1.793453778532634146e+02
1.984079676739020783e+02 1.857669609361876724e+02 1.892911868455924775e+02
8.817408872879299508e+01 7.807392821814516992e+01 7.678479441572257258e+01
1.051155210063644319e+02 9.068655630004292334e+01 8.863608876612104837e+01
1.855906791840086498e+02 1.628218985050112906e+02 1.484506243117639315e+02
1.039059239627465985e+02 8.499320629351051082e+01 7.992095783795889474e+01
1.009858246701132884e+02 8.383081991078594797e+01 7.562652345135221310e+01
9.575594915918550498e+01 8.385900259430000858e+01 8.337968233822952868e+01
9.468895462774594307e+01 7.526246290524272808e+01 6.515991339890628353e+01
9.789417495660613611e+01 8.591952070773997718e+01 8.613181470352189706e+01
1.018931577670355892e+02 9.046648873625861143e+01 9.367252095037234483e+01
1.013015640456148816e+02 9.032145990033409078e+01 9.631008417476996897e+01
1.010757013008828125e+02 8.671391776628902903e+01 9.209161238544952255e+01
9.216561525970996627e+01 7.839113271990892429e+01 8.723330036021575040e+01
9.222746785121036339e+01 7.770637749864685873e+01 8.157598126131506433e+01
9.352693219358330623e+01 7.590094066705239584e+01 7.519047574609454898e+01
9.593308012467571189e+01 7.394626626103510603e+01 6.766185445790328856e+01
8.911840459881669574e+01 6.682262640213517102e+01 5.872997816308628671e+01
9.555598275443736611e+01 7.276655965956811656e+01 6.767066387950502815e+01
9.896007764235987736e+01 7.564515948412623914e+01 6.962764329308124900e+01
1.005306370033035392e+02 7.723414024151253443e+01 7.148134530319714486e+01
1.062415125328953565e+02 8.246200936934246783e+01 7.787380316915209733e+01
1.097048283842550234e+02 8.561871255529219127e+01 8.083467403273670016e+01
1.100365721644674153e+02 8.563278523302039957e+01 8.026958323223651348e+01
1.148161033240635334e+02 8.998473282442748200e+01 8.647748184923197812e+01
1.153130890834095510e+02 9.122488288321916627e+01 8.782173052875194230e+01
1.138758375482931768e+02 8.930640736109296540e+01 8.515991339890628353e+01
1.154851714291046818e+02 9.108219638291122067e+01 8.758862614083875542e+01
1.156348382761902940e+02 9.155490024076597422e+01 8.867123313238396065e+01
1.138489426827675004e+02 8.898619795068962901e+01 8.534771085686556091e+01
1.142269545904178898e+02 8.991256835700554007e+01 8.683146381978014006e+01
1.152078052968513759e+02 9.141676776348943179e+01 8.873190989006887719e+01
1.131948711248810184e+02 8.900153978237742081e+01 8.578994568767613771e+01
1.130179734597510190e+02 8.950869743742885021e+01 8.683965732843091700e+01
1.146091845685809716e+02 9.097066014669925949e+01 8.874911812463838601e+01
1.135261669684017960e+02 8.921958229903506776e+01 8.609523320704006721e+01
1.123590959144440973e+02 8.894164691390282940e+01 8.668336475111517814e+01
1.141877507978872330e+02 9.075852479516228755e+01 8.917295955504955884e+01
1.132778793930457795e+02 8.898922152335802593e+01 8.634792549319696775e+01
1.123076765150525347e+02 8.866784561115362351e+01 8.648727113234663477e+01
1.138871572817708397e+02 9.026884600309823270e+01 8.865332499673380084e+01
1.126610145766065045e+02 8.870238339647995929e+01 8.673735045446910874e+01
1.120834935329140194e+02 8.881819369529107178e+01 8.724107392821814244e+01
1.127371451501521165e+02 8.963788984490192036e+01 8.820965303570429228e+01
1.121379551690027796e+02 8.889944754474700517e+01 8.720085294611695304e+01
1.119881296776722195e+02 8.878247074413482665e+01 8.677605031822169224e+01
1.126616304895574814e+02 8.941361354261931638e+01 8.816164915358629628e+01
1.125660706620131037e+02 8.923670654547490244e+01 8.756777842064988704e+01
1.121445435711752765e+02 8.903437914108138784e+01 8.756055544149759839e+01
1.124635864797775184e+02 8.931848298773773820e+01 8.812734466862016802e+01
1.124974150320088029e+02 8.915910151365274317e+01 8.778670747867634816e+01
1.121288751189831885e+02 8.886817596446368839e+01 8.769426454394445614e+01
1.124499430747121096e+02 8.920789861699546464e+01 8.815763638739058194e+01
1.124178316131320088e+02 8.914597136937979371e+01 8.811524104593217999e+01
1.123307825827283040e+02 8.901872002090371438e+01 8.798715914817373118e+01
1.122587674275369096e+02 8.900750293958454051e+01 8.808997928292801305e+01
1.122687153548965142e+02 8.894849661247876327e+01 8.810422926892998419e+01
1.123851415666585751e+02 8.896626476791280425e+01 8.807180985087441627e+01
1.122511618357938801e+02 8.892497060415460908e+01 8.800012131618731814e+01
1.123158420276600964e+02 8.892788219265010241e+01 8.842967393941655985e+01
1.123566975867410775e+02 8.880889900894007383e+01 8.848878291868082613e+01
1.120920229940835071e+02 8.861060303477108846e+01 8.845587823587599985e+01
1.120574385486851128e+02 8.888547751917728590e+01 8.880665932548200203e+01
1.119647996416506430e+02 8.892414005487223960e+01 8.857561731275312411e+01
1.116405028089363327e+02 8.885559640904085654e+01 8.848150394744209279e+01
1.118202654024897811e+02 8.904116351555646247e+01 8.863618208626513706e+01
1.116880214263050846e+02 8.887919707348028453e+01 8.852123966479403805e+01
1.114133335821870503e+02 8.877067507792231993e+01 8.848502211687414842e+01
1.117442094850594430e+02 8.903752402993710291e+01 8.886127027380130983e+01
1.117999496071221870e+02 8.896980160137367477e+01 8.873671587748931699e+01
1.114979842848877354e+02 8.883193975251498387e+01 8.845913510890460429e+01
1.116733328356258994e+02 8.905571212601952880e+01 8.875979394912185683e+01
1.115482465144926181e+02 8.884828944175889376e+01 8.864897627801937574e+01
1.113636312734466856e+02 8.880444763806715969e+01 8.883116519531905908e+01
1.116062636480710779e+02 8.902156628529834848e+01 8.913465163590213081e+01
1.114917971593348085e+02 8.893841803691745440e+01 8.888572015155190797e+01
1.112278877918587483e+02 8.879756994344799637e+01 8.886683215438884531e+01
1.113591985666025863e+02 8.886531103604023940e+01 8.908846749659382169e+01
1.111939099273969305e+02 8.876251889732917277e+01 8.890486944511842182e+01
1.111717743892196637e+02 8.884147707124060389e+01 8.882630321581216037e+01
1.112882565930681835e+02 8.901606972881165802e+01 8.907666249836690042e+01
1.113359805147539134e+02 8.893109240560667672e+01 8.893343474122323755e+01
1.111781481550607538e+02 8.885952518710688253e+01 8.869530039754381789e+01
1.112773661322533059e+02 8.893236155956624600e+01 8.918401799212378478e+01
1.112813975624778351e+02 8.892326284551783999e+01 8.901654566154650183e+01
1.111736967841878396e+02 8.885890927415591989e+01 8.902545773530674467e+01
1.112171279792456033e+02 8.894592097650198070e+01 8.927228018440059998e+01
1.111103230743388224e+02 8.890024076597174485e+01 8.903902648425689392e+01
1.111009070718005205e+02 8.883600851079714289e+01 8.915716978667015269e+01
1.112409806080740537e+02 8.895115623658523418e+01 8.944225349483939169e+01
1.114075477332536934e+02 8.903720674144720704e+01 8.973188189402564774e+01
1.111523544672352983e+02 8.891950204371116229e+01 8.940471080087347389e+01
1.111091005804512974e+02 8.887623882491274685e+01 8.938191268967318592e+01
1.112123966479404231e+02 8.902033445939640899e+01 8.953089829970697622e+01
1.111349409283487972e+02 8.900913604210605001e+01 8.954181675656506911e+01
1.111218107840758478e+02 8.900960264282647927e+01 8.963031224920210605e+01
1.112269172623602600e+02 8.908605983687638741e+01 8.956461486776535708e+01
1.110889900894006956e+02 8.896919502043711248e+01 8.961937512831519825e+01
1.108806155396703872e+02 8.885819070904645400e+01 8.930958024599189571e+01
1.109500923869426430e+02 8.896404374848354735e+01 8.945138953694544171e+01
1.110002239683458072e+02 8.897143470389518427e+01 8.940013811381324160e+01
1.108661509173370234e+02 8.897522350174509143e+01 8.927772074880083153e+01
1.108870173015547067e+02 8.898078538233262691e+01 8.920055432165587206e+01
1.107266652979712234e+02 8.884901733888277420e+01 8.901644300938801280e+01
1.090979581552473974e+02 8.760813005095279493e+01 8.738435767744825000e+01
1.082757050336885669e+02 8.697242389742250168e+01 8.615071203269937428e+01
1.081158942869407724e+02 8.684049720972768682e+01 8.613278523302039957e+01
1.079608801955990174e+02 8.673831165195319670e+01 8.578862054163010953e+01
1.082613990556001369e+02 8.691027268146102358e+01 8.586496575150711408e+01
9.768704156479218170e+01 8.187684540584930915e+01 8.637273931950950612e+01
1.138040370294331751e+02 9.080016424345359383e+01 8.404118217958529158e+01
1.146580936560966109e+02 9.213324250172642849e+01 8.982801097444894367e+01
1.633272924093394920e+02 1.451754512028966531e+02 1.367166520465107737e+02
2.109368502584968041e+02 1.896862763396106573e+02 1.657275051792680074e+02
1.819328374923010756e+02 1.625023983277030197e+02 1.491321973161126664e+02
1.358255753186882941e+02 1.243395266802291985e+02 1.277808843016853615e+02
1.472333190242445653e+02 1.350399783497265673e+02 1.365141006737714520e+02
1.649799455010358429e+02 1.516718023852628789e+02 1.474674032736706408e+02
1.903608036730808806e+02 1.781378151887866466e+02 1.741243584240094151e+02
2.011495361988838795e+02 1.891241437876780083e+02 1.845739095541163408e+02
1.960944119897721123e+02 1.855893073778905773e+02 1.823234569514175405e+02
2.061479217603911991e+02 1.991947778047369297e+02 2.035004386046772140e+02
2.117460012318259146e+02 2.119820638683066250e+02 2.259634744956046291e+02
2.054327348401425866e+02 2.105660893260419186e+02 2.299323428955374311e+02
2.067446107616790130e+02 2.233914033483267758e+02 2.399900147445827656e+02
1.669537878646484614e+02 2.342965994139495081e+02 2.486461020175815122e+02
1.412764329308124331e+02 2.308968812407846372e+02 2.487976725956064854e+02
9.376893932324232139e+01 2.276193844603295986e+02 2.480998152261147141e+02
1.798672520950372302e+02 2.237204408443606667e+02 2.436484163571548436e+02
2.291907183784691711e+02 2.235331286511506335e+02 2.345941786894119048e+02
2.284382127326004479e+02 2.207964501017189605e+02 2.292107448813900987e+02
2.141341290430952427e+02 2.053347486888519882e+02 2.156326825808619105e+02
1.983691371619477763e+02 1.880923496145878175e+02 2.009750555254857431e+02
1.882331137199275872e+02 1.771775322421097769e+02 1.898169618693891323e+02
1.865628884450997589e+02 1.755548629127083302e+02 1.874290580264655830e+02
1.712165960544243148e+02 1.585179921237798339e+02 1.719043095242539039e+02
1.527909535452322700e+02 1.410519793202560663e+02 1.573378469176356305e+02
1.398297094010713124e+02 1.281603333395546827e+02 1.451193844603295986e+02
1.301610612366785631e+02 1.184468635099572538e+02 1.345037887978498929e+02
1.246687041564792224e+02 1.126345863118012716e+02 1.261895705406969199e+02
1.268854401911196561e+02 1.133084790682916747e+02 1.243620448309972204e+02
1.179043748483547631e+02 1.064813173071539154e+02 1.183164579406110590e+02
8.626206162862315807e+01 8.815978275070456505e+01 1.126213441833554185e+02
4.861748072939024468e+01 8.187983165046006206e+01 1.397712909908732968e+02
5.172362306127400444e+01 6.866498068273017452e+01 1.091626103510703842e+02
6.363588346180406319e+01 6.805683196774856469e+01 9.706258982063867791e+01
2.040473879691670334e+01 7.473681852964780603e+01 1.585165363295321015e+02
5.904356184325948220e+00 8.242441068329009113e+01 1.865970622818641687e+02
1.085847066947871298e+01 8.612303327796338692e+01 1.878341607719442266e+02
5.153418316877881011e+01 9.249288900502062916e+01 1.547514604602549468e+02
1.032123219918251493e+02 1.049473954347785565e+02 1.329430000559920870e+02
1.094948767240896643e+02 1.052840665185987064e+02 1.278632766568991599e+02
5.611260941786893852e+01 1.016837286996771184e+02 1.647023740644655447e+02
1.504443905261389780e+01 1.060687676141771902e+02 2.050405009425334413e+02
5.485310476119374812e+01 9.958962466638048738e+01 1.642964501017189605e+02
1.292697045484238174e+02 1.144375594915918555e+02 1.256016163048955718e+02
1.509822038485227438e+02 1.344699602456186085e+02 1.383498292241363288e+02
1.707617723361764774e+02 1.570877582634987562e+02 1.600805166203176668e+02
1.955208197241456674e+02 1.793917299688310720e+02 1.760529498497545546e+02
1.230060098172791641e+02 1.132151495921909685e+02 1.221831314507549564e+02
1.033131637395248106e+02 8.910813938296720949e+01 1.011772149536198953e+02
1.069143041116855528e+02 9.284868138636406343e+01 1.084948580600608494e+02
8.218834804680938078e+01 7.595122156068609343e+01 9.671376845405849565e+01
9.937916907743705508e+01 9.028199481139998284e+01 1.027795218275817035e+02
1.046643741017936122e+02 9.604058493066312963e+01 1.195379812986431318e+02
1.135056552007316242e+02 1.054750368614569140e+02 1.330455215662852879e+02
8.463485694021910888e+01 7.810874596390377178e+01 9.739414696056290666e+01
9.644862726068049597e+01 8.933675507194982401e+01 1.137856622930625861e+02
1.092307900483398413e+02 1.016999104126616800e+02 1.288546632075999980e+02
9.618857201515518796e+01 8.323719181022416080e+01 1.054254558689038674e+02
6.109084716026801232e+01 3.056993411597827404e+01 3.107360159764086660e+01
4.283096922301648135e+01 1.179967897870434257e+01 9.354569887455905786e+00
3.861196550887474643e+01 7.625468933724033782e+00 5.969568301013456590e+00
3.794103100095186676e+01 6.906521211668750659e+00 5.233253700143713161e+00
4.139321375912204104e+01 8.590548535806938446e+00 6.218415797233991071e+00
5.876135239552809963e+01 1.546600347150936017e+01 1.160385598835364540e+01
1.481001511786334106e+02 7.388517889471621913e+01 8.161219880923496817e+01
2.416118068646298127e+02 2.372595139886896050e+02 2.467280371040892817e+02
2.515910338005561755e+02 2.521570951305548931e+02 2.513902648425689108e+02
2.507080479292260122e+02 2.501524384553649725e+02 2.511184792549319695e+02
2.496317493794210520e+02 2.494734224229642336e+02 2.507524776498254937e+02
2.481211202150096256e+02 2.476275686369659752e+02 2.503223464417029049e+02
2.465184587245002774e+02 2.482376584109445901e+02 2.508246421172474356e+02
2.080304223669721466e+02 2.168872506019149284e+02 2.353878571828514907e+02
2.508249407417085024e+02 2.517776274286567570e+02 2.510150152111834814e+02
2.508399092928199536e+02 2.516507493607570041e+02 2.510460534911065906e+02
2.492816401948524572e+02 2.498363724593590689e+02 2.512626215494876760e+02
2.391803971705332401e+02 2.367572183131450743e+02 2.491347262920174046e+02
2.319245599955206387e+02 2.275671158476268658e+02 2.435016144384926804e+02
2.266737807723175138e+02 2.210722951156236604e+02 2.366575150712032780e+02
2.216255435898393102e+02 2.145099385953452042e+02 2.293093562776460885e+02
2.191490882621922651e+02 2.102957222045950800e+02 2.232050896806584603e+02
2.167495847253588295e+02 2.062367438735325322e+02 2.166067115847626781e+02
2.178239422161667846e+02 2.060861158289628463e+02 2.130122342708897065e+02
2.190688422702924640e+02 2.073178297467291316e+02 2.111482670449243244e+02
2.081027548106534368e+02 1.940873849829224014e+02 1.987355773717314662e+02
2.068067059855540322e+02 1.918954347785513050e+02 1.938033091323092947e+02
2.135268855335112619e+02 1.991887119953713068e+02 1.979271542955262362e+02
1.918435021183672688e+02 1.768534500457268734e+02 1.785264189327908184e+02
1.723676347076279853e+02 1.570451669497377623e+02 1.618927844864592487e+02
1.922904682804830259e+02 1.772086638421769749e+02 1.778031971481364053e+02
1.890714085742548320e+02 1.736174620653614227e+02 1.749683271430970990e+02
1.573596744993374159e+02 1.428009294686351041e+02 1.509888669068105003e+02
1.324430467160641172e+02 1.221051997984284867e+02 1.344723679053360570e+02
4.913679799921611391e+01 4.929327721682002306e+01 5.845223875025663318e+01
5.204430840441217754e+01 5.131869762406913082e+01 6.211503574161518770e+01
5.186866122921293965e+01 4.950697101476324491e+01 5.803576961122828237e+01
3.872049683644711848e+01 4.915213049888949115e+01 6.206832900949999043e+01
6.402266746299856948e+01 7.069287407379756871e+01 8.664456223520409139e+01
5.307932212247335713e+01 5.202330203997834701e+01 5.982215980141473466e+01
9.279372515351163031e+00 8.183934003994101758e+00 4.777963381175460711e+00
1.736269807200582349e+01 1.751939192594113237e+01 1.581527277478116389e+01
4.808814087608951127e+01 5.001809477593833719e+01 6.273756509080050137e+01
7.938203400586050407e+01 6.996619944381194500e+01 6.748837231004684156e+01
4.963535153698277469e+01 4.327005916497135019e+01 3.727062841785027558e+01
4.287805856772242663e+01 3.883661509173370519e+01 3.600136247410365797e+01
